X	Y
0.0506451916000293	0.10999794572481772
0.052087054662509	0.109978650159026
0.05336422434416207	0.10994648670117405
0.054641902942630875	0.10990058664145468
0.055914402633490276	0.10984127612760938
0.05720118425670997	0.10976931670129866
0.058465573498616405	0.10968553820613793
0.059743063586987874	0.10959068669678723
0.06101061654105843	0.1094853697171199
0.062274160383277835	0.10936994310293578
0.06354462334401292	0.10924444985057832
0.06482406860789418	0.10910876433242125
0.06612685635851576	0.10896264521169662
0.0674335406577108	0.10880534707839369
0.068728457548608	0.10863592332218458
0.07019614655772996	0.10845560406497667
0.07160715738932884	0.10826877456812845
0.07287676427979975	0.10807911243312496
0.07413479821370632	0.10788636131788672
0.07542404343944493	0.10768846104997676
0.07671495798072771	0.10748454323249093
0.07798235639182523	0.10727482166139567
0.0792613513088975	0.10705943146677449
0.08053420370887558	0.10683830789782824
0.08181220799075956	0.10661151265651127
0.08309492525872918	0.1063792847135678
0.08436253702377466	0.10614168692208888
0.08564221647535845	0.1058979602736398
0.08691804611972208	0.10564584511642912
0.08819519922229238	0.10538243500881438
0.08963209571491816	0.10510829663864922
0.09107607988216973	0.10482962004223827
0.09233433630983515	0.104552417605821
0.09360217113621062	0.10427673959916577
0.09488407689527611	0.10399919983557898
0.09616040549238959	0.10371736534431095
0.09743760121454013	0.10343029583609165
0.09873889795958306	0.10313803628657395
0.10003953837573756	0.10284151885409397
0.10131973891171858	0.10254169208405531
0.10260152883218908	0.10223856754402896
0.10388217467252277	0.10193095643655736
0.10516526356838742	0.10161606435069791
0.10644155057049332	0.10129041992041637
0.10787723754972502	0.10095447372643555
0.10930268486874167	0.10061498103428776
0.1105808798849971	0.1002786762486582
0.1118578127047691	0.09994601422596809
0.11313822742235534	0.09961365009389389
0.11441569418036648	0.0992791322173279
0.11569377337395292	0.09894172695821893
0.11697271383329806	0.09860142769938589
0.11824610215448562	0.09825828338210266
0.11952021190804328	0.09791218079661412
0.12079790877742469	0.09756295333337207
0.12207304826828243	0.0972103657712853
0.12335250117178481	0.09685341481413609
0.12463021710704521	0.0964891115144643
0.12590837715421585	0.09611340373740851
0.12734131837966084	0.09572668822120466
0.12877863077188947	0.09533685200494858
0.13006218959303828	0.09495200870809802
0.13133844220772828	0.09457284459942635
0.1326221790285857	0.09419535966160227
0.133909026333197	0.09381672487622987
0.13518727353201304	0.09343625228248366
0.13646588130647197	0.09305383857631876
0.1377435864465877	0.09266927601011954
0.13902178002747984	0.09228241595033533
0.1403046633217098	0.09189337434990465
0.14158188766870916	0.0915022680175619
0.14285881968105332	0.09110804836142589
0.14412724162564047	0.09070698020603205
0.14540854565342448	0.09029413078658854
0.14684555957307882	0.08986998644552394
0.14828130420137695	0.08944352828786856
0.14956350438479132	0.08902379304969261
0.15084161495806495	0.08861162273208556
0.1521234771504351	0.08820274929269145
0.1533997394856706	0.08779376929123592
0.15467240462381765	0.08738324172896489
0.1559605483448851	0.08697087260430819
0.15723909617319792	0.08655708926076605
0.15851624088379562	0.0861423923164909
0.15979254768675996	0.08572658587361352
0.1610563460649099	0.0853078003406545
0.16233664863941033	0.08488163727682456
0.16362280459477876	0.08444326109613894
0.1650626213399406	0.08399384531011296
0.16649868839803075	0.08354313131374116
0.1677833156561862	0.08310061377535305
0.1690618651034462	0.08266710666076556
0.1703410217982986	0.08223799481038568
0.17161809886103696	0.08180962293699726
0.17289414652242804	0.08138057222827967
0.17417261166259787	0.0809504843387433
0.17545272785811647	0.08051938629479465
0.17672877790634264	0.08008736173405061
0.17800697451547845	0.07965434867449751
0.17928744440634437	0.07922004832232758
0.18056589271629778	0.07878318449116145
0.18184646318925696	0.07834014942052177
0.18312983939066838	0.07788644048285265
0.18456873439797733	0.077423176945709
0.18598987636890787	0.0769598173145224
0.18726809951941184	0.07650525740764522
0.18855089184089022	0.07605985516376604
0.1898284158703938	0.0756191070344569
0.1911098625345529	0.07517972697133216
0.1923821465575177	0.07474045606136222
0.1936598326179896	0.07430076153279443
0.19494061160465315	0.07386046949340658
0.19622064921866783	0.07341977190121066
0.19750023615470055	0.07297888976702013
0.19877614628799878	0.07253763843750022
0.20005885452230388	0.07209471119747723
0.20133500753864234	0.07164637675320265
0.2026134826635852	0.07118766468494031
0.2040509920875177	0.07071922403802638
0.20548911496317396	0.07025088292324344
0.20676459903428615	0.06979245421757385
0.208045074934712	0.06934459577425821
0.20932120389683267	0.0689023476188268
0.2105994684797925	0.0684619347497781
0.21187763745880545	0.0680220143774512
0.21315312492522465	0.06758228416851877
0.21443567439708713	0.0671427736375669
0.21571388842057437	0.0667036780394209
0.21698957700614596	0.06626506994533304
0.21826905775786426	0.0658266627808373
0.2195480735437183	0.06538715307776137
0.22082330556525054	0.06494275774276084
0.22210286588240497	0.0644884739109414
0.22354391675572927	0.06402505279084404
0.22497965754451488	0.06356239859808943
0.22626066311224022	0.0631103071010323
0.2275343711514385	0.06266939533472698
0.2288157109049187	0.06223468004241106
0.23009090214047329	0.061802445445060965
0.23136955597253317	0.06137138759731806
0.23264276277170107	0.060941060887407264
0.2339223364873109	0.06051122000126356
0.23520665653633835	0.06008195000028529
0.23648406125381058	0.059653378288611614
0.23776581784780595	0.05922447152019251
0.23904056279152877	0.0587915437409163
0.2403210528454202	0.058349701036916085
0.24176080937211025	0.057899678429073
0.24319893974256898	0.05745106389065741
0.2444720537337628	0.0570132040265067
0.24575357333836031	0.05658655421796491
0.2470318246435795	0.056166330117103334
0.24830780045740133	0.05574898833088326
0.2495883458478198	0.05533328297104927
0.2508618326835752	0.05491889676616628
0.25214267748349306	0.054505731160039324
0.2534225565330366	0.05409386854035201
0.25470015583040323	0.05368344201913078
0.25597804527075074	0.053274292303679666
0.25725917403194654	0.05286523377476092
0.2585322421280987	0.052452769560757825
0.25981492144155827	0.05203232425550051
0.2612527016503889	0.05160461235130538
0.26268848968435443	0.051178675045880244
0.26397007863692284	0.050763430465884773
0.2652448441838658	0.050359439425111056
0.2665269895951783	0.04996216026437082
0.26780256140027825	0.04956818134988351
0.26908081949568774	0.04917630128095318
0.2703578877954474	0.04878621901686143
0.2716356894146253	0.04839784330751592
0.27291521192439894	0.04801117534964076
0.274194309949215	0.04762627641434267
0.27547269136076674	0.04724307008794762
0.27675472719232524	0.04686057312569676
0.2780267904973972	0.04647553837891548
0.27930637141107195	0.04608357206718354
0.28074824254951514	0.0456852560739411
0.2821836240837019	0.04528910296349978
0.283466227253124	0.04490353237978445
0.284740362115611	0.04452905772181552
0.28601996220642956	0.04416136739995592
0.2873001882381307	0.04379727780094057
0.28857396220840936	0.04343571446943907
0.2898508038371704	0.04307634223470447
0.29112930595783026	0.04271900456797696
0.29240798887884895	0.04236369914869603
0.2936867901240238	0.04201033092293062
0.2949657092872641	0.04165796610460237
0.2962438804854178	0.0413037490505504
0.29752486410537937	0.0409439075737512
0.2989559811222802	0.0405789400024103
0.3003959007288392	0.04021632371230735
0.3016783040658294	0.03986366810214445
0.30295501561036026	0.039521614407656044
0.30423342857792907	0.03918633056308102
0.3055127796825722	0.03885481496327563
0.30678630425663433	0.03852593840540168
0.308067755866337	0.03819943493875197
0.30934770589198857	0.037875391812453474
0.3106244992826947	0.037553964025765996
0.3119005450234048	0.03723512701514299
0.31317925113477807	0.03691859835446745
0.3144549150877477	0.03660340510850117
0.3157369533055113	0.036286962257761984
0.317012061586549	0.0359659394091128
0.3184520161464616	0.035640914429267714
0.31988757195202794	0.03531870379562252
0.3211657706662591	0.03500600192419916
0.32244337677167306	0.03470315060782041
0.32372384278597605	0.03440666536294287
0.32500000779877963	0.03411392745215282
0.32627983478048805	0.03382399583412095
0.32755706361403636	0.03353669136944873
0.32884157317430934	0.03325207632541609
0.3301148017775872	0.03297017052284418
0.3313928946789115	0.0326908623563521
0.332681691782259	0.03241407269497061
0.33395548515314327	0.03213923750009168
0.3352315252673203	0.03186411159660074
0.3365124091411342	0.03158562708593489
0.33794744626259215	0.031304216068050464
0.33938541717283005	0.031025761348572906
0.34066156693552996	0.030756007392017476
0.3419418582447387	0.03049523075959254
0.3432224876808705	0.030240478088966516
0.3445015329844532	0.029989590394075324
0.3457770761250233	0.029741800016902756
0.34705587983246394	0.02949687719030465
0.3483334424340832	0.029254742963321492
0.34961251300544116	0.02901538260298553
0.3508899352099557	0.028778794827942752
0.35217186760699876	0.0285449019746344
0.3534483207483811	0.02831310821275393
0.3547269788937596	0.02808155833898933
0.35600710826661125	0.027847818531476526
0.3574389173267781	0.027612265808084624
0.3588787587818587	0.027379749873050127
0.36015479130635614	0.027155080526031383
0.3614369334957088	0.026938553098270257
0.36271244012929843	0.026727666421160326
0.36398963321495376	0.026520484429633423
0.36527069034964105	0.026316334511953948
0.36654785461300043	0.02611510459100526
0.36782126988585534	0.02591673014528824
0.3691067229258015	0.025721166635062354
0.3703837253117482	0.025528379233567378
0.37165967849768167	0.025337879819095313
0.3729425261968074	0.025148147291693373
0.3742192183794335	0.024957213024313585
0.37565094433489526	0.024765340784549825
0.3770931073677875	0.024576447927240286
0.37837572699689487	0.02439452989470295
0.3796532465304256	0.024219895996564864
0.3809287101848108	0.024050465551693143
0.38221123402578894	0.023884616608727566
0.3834855240652164	0.023721792419819185
0.3847665444691263	0.02356190163521024
0.38604381022168127	0.023404954916536908
0.38731947871437167	0.023250950166621626
0.38859759685764556	0.023099829291322052
0.389872295574848	0.022951447072572684
0.39115299055534075	0.022805375933127814
0.3924338536451171	0.02266051196065126
0.39371006464433095	0.022515402159201017
0.39514571031544937	0.02237027043011551
0.39659035878132737	0.02222812819547583
0.39787017060406815	0.02209200569891019
0.3991510358998481	0.021962102877231854
0.40042604064084086	0.02183683097884817
0.4017065038469825	0.021714950078160142
0.40298245905899555	0.021596008565920533
0.4042618632802914	0.021479911670246543
0.4055398610118115	0.02136665402604153
0.40681837662907505	0.021256238597721314
0.4080937208536295	0.02114864164187301
0.40937378311098	0.02104379698973205
0.4106534986630932	0.020941443815850738
0.4119255725059818	0.02084078762194258
0.4132062272931912	0.020740781951726794
0.4146453071317976	0.020641631906746477
0.4160846755020484	0.020545461165159012
0.4173612297134319	0.020454292630235377
0.4186413275609826	0.020368170151717435
0.41991460426805455	0.020285960912099055
0.4211948676969934	0.020206809708148407
0.42247276009574813	0.020130425664277182
0.42375486441343224	0.02005677465671432
0.42502815213813355	0.019985855886106768
0.4263100894028258	0.019917649792949535
0.4275885395949581	0.019852117160363197
0.42886320116655263	0.01978909004162148
0.43014551759311187	0.019728103962960125
0.43142164238036423	0.01966858905049848
0.43285984096047525	0.019610690092606672
0.43430199100435396	0.019555629818891238
0.43557977612217474	0.019504555820600594
0.4368556965043673	0.019457459898547635
0.43813628696862816	0.019413666034333796
0.4394121598921133	0.019372677906808577
0.4406887621621817	0.01933431149018898
0.44197043075543935	0.01929852232298472
0.44324852895426164	0.019265311156544423
0.44452800777147256	0.01923468029786629
0.44579956099043117	0.01920660891949716
0.4470791730019751	0.0191810574685074
0.44835864062927466	0.019157968662996558
0.4496367263164346	0.019137233395379094
0.450917378458209	0.01911873585804634
0.45235335923164416	0.01910256012254513
0.4537905380408857	0.019089039628428853
0.4550675107479769	0.019078426553436015
0.4563496631145172	0.019070654529933895
0.4576284054715582	0.01906550909567943
0.45890093998331905	0.019062842888044454
0.46018540303576577	0.019062596272379093
0.4614642031551646	0.019064746089928863
0.46273802373591727	0.019069278427656947
0.4640195658110166	0.019076181541978432
0.46529495519766223	0.019085446387911528
0.4665743449055052	0.019097074131554564
0.4678588641942546	0.019111115013678334
0.4691334474826581	0.019127754781031403
0.4704109778805066	0.019147276724110818
0.4718505254837426	0.01916970469404901
0.4732880329732489	0.019194563728964664
0.47456491500285913	0.019221305233811853
0.4758451741445996	0.019249814167878132
0.47712066278574516	0.019280288771596044
0.4783999647042107	0.019312896809496077
0.47967841690724033	0.019347685506203235
0.48095732109337946	0.01938464649183627
0.48223247892740667	0.019423769944580546
0.48351171520779507	0.01946505234327678
0.48479101962046556	0.019508484324791256
0.48606834439920066	0.019554072717254137
0.48734955977483924	0.019601956773303203
0.48862426147851673	0.01965261016042011
0.4899007976769953	0.019706701596747547
0.49134194506499207	0.019764205165150192
0.49277844282755107	0.01982389765261218
0.49405628908304133	0.019884483791746246
0.49533749511409475	0.01994579785628728
0.4966060946026923	0.020008440062334362
0.49788912868732405	0.02007289937720652
0.4991699432882661	0.02013931424724162
0.5004466898092378	0.020207668133137263
0.5017236596887509	0.020277950803591085
0.50300552052185	0.020350163485013423
0.5042825142055263	0.02042433646832513
0.505560781528706	0.020500713548753102
0.5068421840597492	0.020580024155671645
0.5081183812677293	0.02066321792427246
0.5095680033614193	0.020750151668971095
0.5109969404086028	0.020838953139061894
0.5122742173425742	0.02092778035582514
0.5135547935846912	0.021016504637136932
0.5148311045390762	0.02110602048258335
0.5161131942254618	0.021196984772198835
0.5173887556639164	0.021289610356944544
0.518665560348484	0.021383947665823744
0.5199464176942773	0.02148000271051581
0.5212236040304515	0.021577738367190666
0.5225032380435451	0.021677115915471917
0.5237782143548587	0.02177819142854405
0.5250539168457723	0.02188131954997999
0.5263373848942725	0.021987451179282885
0.5276109415168903	0.02209783282584439
0.5290497280443126	0.022212356319494544
0.530492685855293	0.022328603839779235
0.5317713155663257	0.022444046041094956
0.5330489916848709	0.02255840742379607
0.5343263173928626	0.022672889905479998
0.5356007031739379	0.0227884588822021
0.5368806500197136	0.02290547250306589
0.5381552903087176	0.023024004265979905
0.5394369814263203	0.023144045748701797
0.5407147220075487	0.023265554113785475
0.5419937772510307	0.02338848325242955
0.543273249360602	0.023512860078849132
0.5445494533488819	0.0236390647217931
0.5458250423344642	0.02376828125872288
0.5471047747546407	0.023902059246772203
0.5485459276230521	0.024040194097760037
0.5499835602874459	0.024179705116837744
0.5512602061792157	0.024317635951773456
0.5525358203235301	0.02445380183199025
0.5538176968506392	0.02458969945424501
0.5550938854029094	0.02472644177291443
0.5563738014494687	0.024864381829713886
0.5576573683189562	0.025003511539824858
0.5589314642443678	0.02514377345470936
0.5602079238175683	0.02528521200370326
0.561487373706589	0.02542790478669245
0.562768125783195	0.02557190804135681
0.5640465998378289	0.025717576376170004
0.5653246129255599	0.025866145455088557
0.5666010170579188	0.026019347277588298
0.5680359153577769	0.026177063585344287
0.5694762946519912	0.026336029871361202
0.5707569608100306	0.02649286396901053
0.5720317733858375	0.026647253797382017
0.5733156298074302	0.026800839500900037
0.5745903988294652	0.026954875885701668
0.5758693045343433	0.02710980694862948
0.577148116057205	0.027265721040413415
0.5784260965676278	0.02742261632827396
0.5797028775158063	0.027580506627348053
0.5809827694295633	0.027739484235724712
0.5822624460455771	0.027899999363232036
0.5835384519194665	0.02806342543025779
0.5848195480816243	0.028231622300419257
0.5862529871848537	0.028404390529551612
0.5876942543087706	0.028578130803220178
0.5889716294347852	0.028749178751631535
0.5902505201804576	0.028917233106316192
0.5915292399676841	0.029084129161789693
0.5928059028141883	0.029251293686144014
0.5940877477080847	0.029419189316946537
0.5953689778423557	0.029587803004366142
0.5966426474041853	0.02975707562178999
0.5979207527597227	0.029927055062881486
0.5991975957187579	0.030097818585739275
0.6004761572965458	0.030269469493147502
0.6017548748427826	0.030442499193560943
0.6030304169441284	0.030618404549868264
0.6043118225227266	0.03079918113379332
0.6057465782118338	0.030984595851626065
0.6071850106187118	0.031170783819807257
0.6084675003325466	0.0313538029436472
0.6097443752419718	0.031533293635299456
0.6110214230037032	0.03171120683980115
0.6123017432536396	0.0318890619848462
0.6135777997469496	0.03206738832889465
0.6148551022497656	0.03224632101292117
0.6161344197707952	0.03242591093469978
0.6174138409759197	0.032606131172498956
0.6186949193397675	0.03278688698239082
0.6199734055161196	0.03296817921175599
0.6212478637277478	0.033150574056220794
0.6225246370911974	0.03333579012237971
0.6238044697580165	0.03352599742041992
0.6252460837329885	0.033720855779796416
0.6266833252492936	0.03391614425213414
0.6279618393143167	0.03410771571682465
0.6292349616906255	0.03429534800225485
0.6305159534115434	0.03448119010588088
0.631794029862662	0.034666826709800536
0.6330683078029824	0.034852801910504244
0.6343518456254071	0.03503921479175577
0.6356280038327083	0.03522601923706317
0.6369075540612149	0.03541317657291597
0.6381843031516763	0.035600801809588856
0.6394626878802447	0.0357894956840696
0.6407410356598839	0.03598089470176187
0.6420226305707025	0.03617709997762458
0.643456218211743	0.03637781923414064
0.6448947066292696	0.036578902634239505
0.64617566677098	0.03677615548269188
0.6474533483561353	0.03696923566359965
0.648732652247055	0.03716024010691031
0.6500114650405501	0.03735078265313942
0.6512886336901251	0.03754142565414581
0.652567442600159	0.03773227451558027
0.6538455190250233	0.0379233190802611
0.6551236367147703	0.03811456412028158
0.6563966082383808	0.03830610220632567
0.6576798494853109	0.03849808266429973
0.6589623118530277	0.03869096535580628
0.6602348362639484	0.03888631838206161
0.6615148479894646	0.03908640191500026
0.6629514375911834	0.039291017252166174
0.66439408591943	0.039495837464405534
0.6656712394481621	0.039696476593635524
0.6669480314214065	0.039892619189856565
0.6682273006751294	0.04008645954161005
0.6695053773175995	0.04027959752842626
0.6707832348387774	0.040472558660848826
0.6720496509774875	0.040665593303189945
0.6733314199513459	0.0408589377857551
0.6746123314241689	0.041052606663295396
0.6758930548476534	0.0412464436176444
0.6771700223542368	0.041440444888225014
0.6784510312309093	0.04163514639694188
0.679731650814347	0.041832161564495554
0.6810049825004076	0.042033708373074616
0.6824398041181858	0.04223964772026122
0.6838830737116878	0.04244572588693178
0.6851643441695103	0.04264750768812248
0.6864352677380706	0.0428446542315425
0.6877178270716932	0.043039445959632036
0.6889987609703113	0.043233541722071264
0.6902763162344144	0.043427437913910474
0.6915507666133104	0.04362133275551512
0.6928349328286573	0.04381735153247235
0.6941102493655145	0.04404658729059317
0.6953843182557017	0.04457732978429399
0.6966622783746983	0.04670699343463133
0.6979453826355566	0.053646691058264855
0.6992206574834984	0.06809684751376187
