X	Y
0.05064301856831132	0.6162275043397403
0.05209302185889859	0.6990545641401931
0.05336453731999935	0.7299980968730623
0.05464012507196164	0.7289709983645999
0.05591631977986113	0.7180999882238517
0.05719006122265954	0.706091646496245
0.058476840737918874	0.6946642185892806
0.05976546012716758	0.6839763026642276
0.061030389565210834	0.6739959655013633
0.062298392680149764	0.6646548987709484
0.06357317686917874	0.6558752517384152
0.06484467913412989	0.6475905940800335
0.0661410705009699	0.6397439674160954
0.06743107667002139	0.632267059664193
0.06871663157160103	0.625085460765804
0.07016253954760118	0.618199249826328
0.07158033702036272	0.6117167303750153
0.07285700896014681	0.6057251685152643
0.07413864826668248	0.6001878358312388
0.07542299186585256	0.5950104312514697
0.07670627081615645	0.5901273551304073
0.07797569633531341	0.5855045437402402
0.07925645304430089	0.5811174533848806
0.08053351672221849	0.57694740142669
0.08181933403855302	0.572984117732985
0.08310164678459857	0.5692216248894069
0.08436211623641833	0.5656477823097089
0.08563551926726536	0.5622372597977483
0.08691012266669394	0.5589518786453818
0.08818929383127264	0.5557527282493466
0.08960500707712526	0.5526365349553493
0.09104237281402067	0.5496543008899305
0.09234173683482882	0.5468599795563147
0.09362640894554972	0.5442548147308176
0.09490227675139502	0.5418023020323193
0.09618557982493994	0.5394689894654826
0.09746604302266204	0.5372374597805978
0.09875636008818992	0.5351011281886635
0.10004675268403852	0.5330583677003164
0.1013212912584794	0.5311070130761988
0.10259781052164783	0.5292407268565918
0.10387500893470338	0.5274484923380756
0.10515506809228933	0.5257129033610367
0.10642975206784798	0.5240144381185157
0.10786069064977634	0.5223529358540665
0.10929344579573765	0.520758153502176
0.1105755806652068	0.519259076117632
0.11185806968629092	0.5178543366059984
0.11313513065553156	0.5165241385142328
0.11441125845417958	0.5152525172542505
0.1156901246457001	0.5140319694996384
0.11697023842822869	0.5128593836240907
0.11824513035604542	0.5117326937342185
0.11952051128207444	0.5106494948380581
0.12080016283415977	0.509607315955577
0.12207716621969794	0.5086037836185373
0.12335731041206625	0.5076349373798553
0.12463646905159788	0.5066924349603185
0.12591406578446054	0.5057659731757893
0.1273496547646047	0.5048559582544863
0.12878424268960495	0.5039795304529844
0.1300684167565891	0.5031531611686564
0.13134334941764528	0.5023759365663286
0.13262548083775563	0.5016366934650135
0.1339085223870295	0.5009271763512662
0.13518310035670572	0.5002440215484636
0.13646168244286513	0.49958552843951226
0.13773842310079612	0.49895022495940317
0.1390150689298299	0.49833686422457896
0.14029784972524145	0.49774460374151497
0.1415759803750645	0.497172713489735
0.14285171860347728	0.49661905447674215
0.1441214975717213	0.49607822911188504
0.1454039321797741	0.4955436563079294
0.14684036336759665	0.4950156689462174
0.1482802534116204	0.4945048124799457
0.14956152956081545	0.4940211742431
0.15083994875128862	0.4935645166313172
0.15211923266120003	0.4931284726928158
0.15339662017503167	0.49270807833940544
0.15466748337787273	0.4923010740872434
0.15595301799033826	0.49190648027631223
0.15722336419940616	0.4915236111650607
0.15849576948902444	0.4911515729545978
0.1597859414846275	0.4907895364111612
0.16106840275304724	0.490436512870798
0.1623437847063449	0.4900897264167865
0.1636225037651921	0.4897451472404294
0.1650613342648379	0.4894027454843609
0.16649990561625833	0.48906912576705275
0.16778450020660038	0.48875084867442764
0.1690646740785886	0.48844792814819993
0.17034471428100245	0.4881563733479535
0.17162255424569234	0.48787303045854014
0.17289804254687463	0.4875964687359833
0.17417558370399328	0.4873260358025079
0.17545421095869418	0.4870613467223228
0.17672908556242073	0.48680208025622396
0.17800506794953969	0.48654785567987513
0.1792834684708817	0.48629818922203516
0.18056047850884496	0.48605208815977186
0.18183612462196602	0.4858072264453326
0.18311475471561903	0.48556067696601884
0.18455780962712343	0.4853126818695147
0.18599766554905442	0.48506838534748664
0.1872720267489441	0.48483270749852636
0.18854808979772758	0.48460549486565785
0.18982438401781254	0.4843836360412932
0.19110782208762842	0.48416485867466647
0.19238272313338847	0.48394829245051013
0.19366116661564592	0.483733566176465
0.19494567399410984	0.48352045763238827
0.19622311941213147	0.483308858894691
0.19750499736722404	0.48309863908002293
0.1987815048110299	0.48288949970802897
0.2000620743968562	0.48268062904186615
0.20133985394299267	0.48247006723548014
0.2026156518417485	0.4822552856854332
0.20405536217161185	0.4820363958629095
0.20549031389332034	0.4818177846031102
0.20676696203497624	0.48160381577464795
0.20804720959660686	0.4813946124559228
0.2093244212108074	0.4811877247062405
0.2106014970159757	0.4809812609891689
0.21187994995564155	0.48077444488042775
0.2131546697129031	0.48056696358872697
0.21443506815919572	0.48035863081008623
0.21571481054215016	0.48014935260737535
0.21699180901564377	0.47993905061390707
0.21827148398843083	0.47972750725336477
0.2195506003051667	0.4795139643898435
0.22082620576828926	0.47929639242699495
0.22210590914718378	0.4790721316565747
0.22354565533094525	0.4788413728290522
0.2249824231804989	0.4786088992194094
0.22626070827950603	0.4783794949870345
0.2275358741105233	0.47815339116902983
0.22881699715851514	0.4779280356897704
0.23009206554059253	0.47770149269290885
0.2313695194922656	0.47747300431158235
0.23264609505538072	0.477242272797567
0.2339236813353539	0.47700912343663004
0.23520641429749575	0.47677348853926993
0.23648435238702806	0.47653528251307675
0.2377660886255076	0.47629381015100725
0.2390408501353924	0.476046846703946
0.240319200152151	0.475791341257739
0.24175655305678329	0.47552742137151804
0.24319689931315086	0.4752605244644511
0.24447343282156794	0.4749962411299748
0.24575621677861564	0.47473505310901504
0.2470321535694231	0.4744741937148243
0.24830768677188847	0.4742114468437423
0.24958851750278374	0.4739459480106274
0.25086178395021097	0.47367743994833844
0.2521412873798017	0.47340578602668465
0.2534215402767557	0.47313094829744573
0.25470018574279985	0.47285296557434
0.2559786631963436	0.47257169925655773
0.2572580230456608	0.47228622601023595
0.2585349699456788	0.47199390637958527
0.2598153283065657	0.4716912837820677
0.26125403915367285	0.4713787251176096
0.2626900833752713	0.47106277183577927
0.2639698020979883	0.4707499998078033
0.2652441168382689	0.47044085612904135
0.2665266704564832	0.47013201604003185
0.26780257000283525	0.46982099762489277
0.2690798081821747	0.46950692106928177
0.27035730374109895	0.4691895241493667
0.2716338690767863	0.4688686974647633
0.2729147965984649	0.46854443312208277
0.2741918627517692	0.46821674982762695
0.2754694388620432	0.46788544133570276
0.2767506794465699	0.4675494517439485
0.2780279575060057	0.4672057895855908
0.27930695623906826	0.4668504709737602
0.28074713778664934	0.46648394151849243
0.28218324512969983	0.4661139053720801
0.28346327268518334	0.4657481222641901
0.28473870209888563	0.4653871342546899
0.2860184006037089	0.46502701921539175
0.28729923680831837	0.4646648779718283
0.28857391554598133	0.4642997538720309
0.28985275013846745	0.46393139745133416
0.2911307292488572	0.46355972415981334
0.2924092170191501	0.46318472734684185
0.29368725336716134	0.46280622168113117
0.29496567947152574	0.4624230482241147
0.29624352715526636	0.4620318298796168
0.2975240652399062	0.46162810012719346
0.29895716825620006	0.4612123081152412
0.30039662087457364	0.46079302891568646
0.3016778760020808	0.46037909194388454
0.30295459765602567	0.45997133794011724
0.3042339525757643	0.4595654597030811
0.30551263270183726	0.45915808740280606
0.3067869017099054	0.45874796977405186
0.30806850598616686	0.4583348236302801
0.30934674182685706	0.4579187263485951
0.31062395720184516	0.45749981604921136
0.31190230511106815	0.4570781030866307
0.31317914137978586	0.4566532910347398
0.31445567606553265	0.45622399053247237
0.3157364109467716	0.4557864119342123
0.3170135853965726	0.4553356580329392
0.31845123098584643	0.4548723939906837
0.3198886979095865	0.4544062987857182
0.32116498502660407	0.45394708486660557
0.3224457401705563	0.4534954757890822
0.32372365589865415	0.45304663922680305
0.3250014775186019	0.45259687934390125
0.32628141399561716	0.45214490772811633
0.3275582422540879	0.45169051585156195
0.3288401132994773	0.451233730778295
0.33011545311586143	0.45077447849010804
0.33139267973406283	0.4503125983454102
0.3326836054972372	0.4498480723897075
0.33395674626057253	0.44937997720802697
0.33523279169027626	0.44890426680957884
0.33651251479035243	0.44841527697713834
0.3379492050134605	0.4479135817740064
0.3393858533239319	0.4474097036386686
0.34066287158926745	0.44691415630457354
0.34194256162327386	0.446427680211593
0.34322060527663156	0.4459450244418104
0.3445002472214763	0.44546225992638716
0.3457787409444705	0.4449780890015699
0.34705534318215775	0.44449223661697196
0.3483340759908218	0.4440046145786608
0.3496149404055271	0.443515287961884
0.35089124556010276	0.4430243712274172
0.3521711779067493	0.44253164539309475
0.35344796022478153	0.44203563169899
0.3547273444950665	0.44153208080698214
0.3560059791885059	0.4410154235492211
0.3574401726733819	0.4404863788144221
0.358878242756204	0.43995588502423144
0.360154804297249	0.43943497307499335
0.361436354949353	0.4389245220474828
0.3627127401027373	0.4384190401646612
0.3639905577269192	0.43791426912314646
0.3652713514961357	0.43740877694334845
0.3665490991982625	0.4369023878124424
0.36782396696840863	0.43639503478801583
0.3691065238890068	0.4358866315948495
0.37038446906877637	0.43537701764099634
0.3716615683631339	0.43486481902770246
0.3729427568969202	0.4343457131836357
0.37421872188912914	0.4338138974988824
0.3756529800965891	0.43326992449098506
0.3770943778898527	0.4327250293944921
0.37837532719833306	0.4321908290046937
0.3796521676537166	0.4316683832425666
0.38093001655886843	0.4311519392137657
0.3822116055169557	0.43063707297422715
0.3834849094877302	0.43012227707142653
0.38476660965348797	0.4296072912893948
0.3860444315362709	0.42909218667834825
0.3873180573294005	0.42857698413188555
0.3885995714743699	0.4280615578240296
0.389874099168709	0.4275455738380379
0.3911543141207877	0.42702754934107934
0.3924341895758333	0.42650318329951575
0.3937096882879158	0.4259666784660554
0.39514676760409295	0.4254186439315993
0.39658828936190527	0.4248705151117249
0.39786898187280617	0.42433404817441767
0.3991465986047487	0.4238102613928275
0.40042342169061645	0.4232932662280933
0.40170454282428547	0.42277852322793263
0.4029813680205432	0.42226453351015514
0.40425996373368966	0.4217510923868729
0.40553965968473665	0.42123826520838037
0.4068152655374893	0.42072606801617224
0.40809173594934944	0.4202143488204205
0.40937325493447285	0.41970280471848925
0.41065079506134217	0.41919009306419314
0.4119274005450239	0.4186718878252726
0.41320491830191386	0.4181423395405637
0.4146465761860679	0.41760228310770764
0.4160822850025546	0.417063212124233
0.41735916522660527	0.4165364646609743
0.41864038010075644	0.41602274300342873
0.41991402951041834	0.4155162192161115
0.4211942352089676	0.41501242709070435
0.42247432779930616	0.4145099007522301
0.4237515265793355	0.41400848598150186
0.4250300603041962	0.4135081983391904
0.4263104637965947	0.4130090759993457
0.4275888318576299	0.41251096153554606
0.4288642147666337	0.4120123825856024
0.4301454140798294	0.4115090213969899
0.43142226748065293	0.41099530964255565
0.4328599284664784	0.4104720288827018
0.4342999434721278	0.40995022037036954
0.435579801231085	0.4094409825815566
0.4368537735282769	0.40894504747227933
0.43813434055493333	0.4084566714740759
0.43941185892228185	0.4079715419162324
0.4406907665775138	0.40748825382209164
0.44196975117334003	0.40700663006840493
0.44324773411424795	0.4065267513294869
0.4445264021809135	0.4060486998429411
0.44580267899337656	0.4055724367495544
0.4470794382105257	0.40509757533563945
0.4483585825247777	0.40462261597775667
0.44963640401244065	0.4041435731080251
0.45091721094635334	0.40365534914604323
0.45235417725545213	0.40315886316285754
0.45379089995955557	0.40266452674158815
0.45506776019463613	0.4021825409350044
0.4563473988747334	0.4017134511656298
0.4576265197188792	0.4012519853753933
0.45890473742252547	0.4007942216775706
0.46018456268796154	0.4003388616173965
0.4614622554201266	0.39988568498495686
0.462738875368505	0.3994346170947263
0.46401942813015123	0.398985601972245
0.4652966525290519	0.39853862191033607
0.46657507286904537	0.3980934560930564
0.46785627303129096	0.3976488843886934
0.46913331544168724	0.39720126816975115
0.4704109159469881	0.3967457132197548
0.4718497177615765	0.3962828840353357
0.47328750790412716	0.3958224737335463
0.4745637184967931	0.39537409229580184
0.4758454844354776	0.39493832787502936
0.4771223123456073	0.39451027985628667
0.47840006515601796	0.39408622503009805
0.4796799969067868	0.39366488048314746
0.4809562131101037	0.39324600883320476
0.48223278583067075	0.3928295280362305
0.48351365885892417	0.3924154106811356
0.4847896020373525	0.3920036713444366
0.4860672899515912	0.39159407813015146
0.4873475745831961	0.391185450987772
0.4886250078251832	0.3907744328318943
0.4899018772198707	0.39035656180170386
0.49134140255908193	0.38993247247372126
0.4927772335191611	0.38951108842652954
0.49405731291649213	0.3891013373631188
0.4953354626324145	0.38870379843449465
0.4966040186421203	0.3883136832877835
0.4978886157743976	0.387927241976854
0.4991677684276733	0.387543332922727
0.5004467315808848	0.38716197077782755
0.501726436451939	0.3867832467270731
0.5030050912301524	0.38640716022010946
0.5042846028955709	0.3860335085266463
0.5055621203200844	0.38566114327759293
0.5068401765180693	0.3852868081347274
0.5081211301835005	0.384906432118423
0.5095666934738597	0.3845209051303721
0.5109989681734299	0.38413855121888746
0.5122762687724524	0.38376724586652955
0.5135543813896728	0.3834072062302064
0.5148327143647975	0.3830542145224678
0.5161107615167888	0.382705166935597
0.5173874369218002	0.38235897610296066
0.5186675583509577	0.3820154297321622
0.5199449461643577	0.38167454505055254
0.5212235260843611	0.3813363496637367
0.5225006976060406	0.38100081224797766
0.5237800000211555	0.3806677350423178
0.5250566215859683	0.3803361596621855
0.5263366016263364	0.38000332109230384
0.5276121604968176	0.3796655757620785
0.529051393813514	0.37932341421091464
0.5304914422086117	0.37898403144583104
0.5317691922355212	0.3786546183262596
0.5330494484206866	0.3783356723726894
0.534326556906004	0.3780235402591161
0.535601018860104	0.3777153403398685
0.5368794937329776	0.37740993069953677
0.5381566719362412	0.3771070246889171
0.5394370062637613	0.3768066438512404
0.5407170247531489	0.3765089098999944
0.5419932688970462	0.37621386057697465
0.5432712740518202	0.37592128337188857
0.544552142106471	0.37563032366688287
0.5458292427650261	0.37533860378499656
0.5471048894923878	0.3750429426751795
0.548545668156337	0.37474378598063823
0.5499841234954757	0.3744474496719579
0.5512580105224029	0.3741601103519571
0.5525386216923678	0.37388201125823195
0.5538184245793213	0.3736099042104103
0.5550952349378523	0.37334138300112474
0.5563742531064055	0.37307560437917786
0.5576560750573298	0.3728124417581647
0.5589309755622516	0.37255190820120876
0.560209613503452	0.37229394281779893
0.5614887706665794	0.37203848107002135
0.5627679040655095	0.37178541466122567
0.5640439277331065	0.37153404202090795
0.5653233709369848	0.3712822592103613
0.566600348623914	0.3710273116389413
0.568035996677255	0.37076954576525123
0.5694777201805216	0.37051432736246775
0.5707562563401474	0.37026704228426577
0.5720352803450065	0.37002804749095974
0.5733144469381135	0.36979457253020215
0.5745910432679006	0.369564477433995
0.5758690120306763	0.36933696647987807
0.5771482986895443	0.36911186542709373
0.5784263690842588	0.36888916614372563
0.579703883930263	0.36866884454667237
0.5809821876091267	0.3684507460139899
0.5822619134440996	0.36823423255163523
0.5835388570390294	0.36801752426624595
0.5848194157632152	0.36779831349103653
0.5862567176573169	0.3675769870162349
0.5876941697552566	0.367358179342
0.5889723603074196	0.3671464156564671
0.5902495238547265	0.36694188049656534
0.591529346978367	0.3667421488563732
0.5928077305381113	0.36654542268406964
0.5940858186281512	0.36635109142250966
0.5953651926112471	0.3661590405661259
0.596641997207279	0.3659692478323237
0.5979198345597948	0.3657816785910791
0.5991978505327478	0.36559627950045304
0.6004751804287839	0.3654129111907988
0.601753694981029	0.3652310213438401
0.6030328684510998	0.3650491214632637
0.6043131722327783	0.3648653108179061
0.6057482891216277	0.3646799059959872
0.607187434613918	0.3644967356727425
0.6084648957221477	0.364319574762223
0.6097476244300657	0.36414863768140715
0.6110232243121052	0.36398195343685613
0.612302603508938	0.3638179994921216
0.6135794061208958	0.3636562074196633
0.6148573736781628	0.3634964300345562
0.6161353940011621	0.3633386175593588
0.6174132522396708	0.3631827550581318
0.6186942999698001	0.36302885491509246
0.6199695405959192	0.3628768483483608
0.6212476002548416	0.3627262617229779
0.6225248581280399	0.36257579619822444
0.6238045656138012	0.36242382423719677
0.6252434612298858	0.3622706272074784
0.6266822629524594	0.362119453623093
0.6279610141011753	0.36197346938248953
0.6292361186112219	0.3618327927516504
0.6305159012712195	0.3616957074316052
0.6317942016143135	0.36156094111448184
0.6330702502427651	0.36142804536968604
0.6343498921086674	0.3612969047221524
0.6356275316553187	0.36116748975560425
0.6369076351929174	0.3610397948287182
0.638185057980915	0.3609137534156643
0.6394639143107185	0.36078899364607203
0.6407416836036606	0.3606644731371264
0.6420214740970461	0.3605388600519379
0.6434592468207064	0.3604123708683459
0.6448972697752722	0.3602876497835175
0.6461759071377522	0.36016728307104806
0.6474543724078996	0.36005137841608115
0.648731166058565	0.35993853441261414
0.6500109059160823	0.35982769373521445
0.6512889179283843	0.3597184907283563
0.6525669110870597	0.35961084775472285
0.6538442153657582	0.3595047414012071
0.655125297178265	0.35940016184431944
0.6563986738085785	0.35929707787514037
0.6576777718858243	0.3591953875583875
0.6589594114267332	0.3590947951955272
0.660235880623769	0.3589945059675537
0.6615135791147126	0.35889345020174135
0.6629515153236593	0.3587917678040773
0.6643909784769535	0.35869157290602954
0.6656689563506044	0.358594957140252
0.6669483531288003	0.35850202216031757
0.6682256252884582	0.3584116631190174
0.6695031706102703	0.3583230563163772
0.6707819074509743	0.3582359009442588
0.6720467965094973	0.35815005109747305
0.6733303107929987	0.3580653862764079
0.6746126941054794	0.3579818987864921
0.6758909707092898	0.35789964922530637
0.6771697930894902	0.3578186223602167
0.6784514632069568	0.3577385927693858
0.6797288083885707	0.35765891508941694
0.6810054049007568	0.3575787219645038
0.6824405984831959	0.3574980957369131
0.6838831857531337	0.3574187016815722
0.6851635461092088	0.3573422203107377
0.68643668525038	0.35726873226587846
0.6877172929949581	0.3571973191036603
0.6889954747848164	0.3571272947433547
0.6902749044038583	0.35705842942924854
0.6915508855325909	0.35699066613057256
0.6928308802846097	0.3569238838806595
0.6941100418789933	0.35685658974536577
0.6953844283102256	0.3567759798844728
0.696664122347873	0.3566202926134412
0.6979434644779707	0.35623737397363453
0.6992220110309398	0.3555019355167511
