X	Y
0.050667871062009165	0.26030542970039655
0.052090222559936464	0.27996658647691197
0.05336662964132491	0.29267090074233193
0.05464368665968174	0.3007402417599972
0.0559282703240736	0.30732478057629353
0.057208176807789925	0.3137400358804515
0.05847690336078617	0.32027179082889
0.05975603075105014	0.3269750182367509
0.06102691205213707	0.3338795396286921
0.06230683741629006	0.3410078030986339
0.06360066825295196	0.34837501339267407
0.0648726923183734	0.3560055049008921
0.06614544071583776	0.3639666952924871
0.06742052141816489	0.37240544242548523
0.06869727382125103	0.38152943147678936
0.07013182456253256	0.3914620369691108
0.07157304983602078	0.4021377827484207
0.0728667233351066	0.41348618155102507
0.07414004810701788	0.42568475502870623
0.07541830734036072	0.43917917422484254
0.07669489743206452	0.4547710107886242
0.0779545484645934	0.474210348819758
0.07922044666416506	0.5009711902557351
0.08050069067217078	0.5399554338749719
0.08178837160662568	0.5948990277312775
0.08307417276933128	0.6640108172400274
0.08435490320198738	0.736849467041145
0.08563956155520518	0.7959485876768199
0.08692642378479261	0.8238665198597483
0.08820857393189901	0.8122793009022556
0.08964611779195321	0.767472705563765
0.09108168303280392	0.7073583410466999
0.0923737344751813	0.6509107832089808
0.09366117182372065	0.6087327832943362
0.09494142117316459	0.5818208779328319
0.09621365492765102	0.5661015693190413
0.0974798970458786	0.5569403407386264
0.09875252547803924	0.5511972630521602
0.10003071101081683	0.547291364977141
0.10130237273372927	0.5445259382224469
0.10258014351253521	0.5425526303413379
0.10386082802366908	0.5411552804456937
0.10514215108306692	0.5401853104854205
0.10642200825341566	0.5395294372635543
0.10785390076989315	0.5390981644177695
0.10929443120766776	0.5388264243297541
0.11057738937217645	0.5386655295251227
0.11185497837592966	0.5385728265307551
0.1131305324149525	0.5385120531851988
0.11440558001260591	0.5384567060976749
0.11568397961345077	0.538387472015845
0.11696418238277372	0.5382879765097539
0.11823426648602083	0.5381444338734749
0.11950552140692895	0.5379469183992904
0.12078466657961873	0.5376880657518914
0.12206525817148398	0.5373602336193756
0.12334509909218748	0.5369539463122734
0.1246260434948535	0.5364571248109746
0.12591013051221997	0.5358568984468103
0.12735025553074472	0.535148990163006
0.1287857306531538	0.5343444636968444
0.1300721726721509	0.5334578304415742
0.1313500467523064	0.5324914332622598
0.1326289131454821	0.5314379167334221
0.13390791383258097	0.5302905760289163
0.13518230915030383	0.5290462838764025
0.13646101820927084	0.5277034334403401
0.13774015629860847	0.5262607440041356
0.13902058588700875	0.5247178069005548
0.14030456669126865	0.5230758742863946
0.1415808821408142	0.5213360250076814
0.14285809316672066	0.5194922906500719
0.14412437595721347	0.5175231636932197
0.1454082679550375	0.5153998764056849
0.1468442872540084	0.5131232972801403
0.14828353681792744	0.5107427183783073
0.14956478939339043	0.5083106566742915
0.15084116022968913	0.5058352152687877
0.1521191469328128	0.5032948734438765
0.15339887884495898	0.5006724669748982
0.15466958382194954	0.49796267834077534
0.1559569426880348	0.4951670210388678
0.15723127201615186	0.49228991950920875
0.15850546782433553	0.4893345105070549
0.1597865631302216	0.4863010609870926
0.16106212456918428	0.48318368554655966
0.16234334467810124	0.4799620358543898
0.16362705900912222	0.47661467955348036
0.16506826442227954	0.4731721379120848
0.1665012731793262	0.4697318141152852
0.1677806465401129	0.4663566645062833
0.16905608601886696	0.46295672496991946
0.1703357888212988	0.45927983254766086
0.17161319217438228	0.4549892288702758
0.17288926438244354	0.4497776424655084
0.1741683091652126	0.4434957445342048
0.1754503418393159	0.43623448076887866
0.17672682562712655	0.4282973586422606
0.17800238409718838	0.42007757921569927
0.17928374732582947	0.41192065663797006
0.18056520504707452	0.4040316467353984
0.18184091988539688	0.3964429357640985
0.18312099034035265	0.3890759804848957
0.18456097886586015	0.3818996882380299
0.18599554320561537	0.37501288457788085
0.18727680690872434	0.36851681675198456
0.1885550444174824	0.36238553984754224
0.18983021251734006	0.35652008215118913
0.19111275593550647	0.3508477114493107
0.19238602130700388	0.34533696049960333
0.1936617647564721	0.33997275042961694
0.19494285957092727	0.33474544510581744
0.19622025147030778	0.32965004457895203
0.19749979145361704	0.3246830360846985
0.19877678388552703	0.3198382735825951
0.20005651759586776	0.31509967992517657
0.20133695109543998	0.3104287941982653
0.202611853993894	0.30577724299105624
0.20405377832216334	0.30115281428648877
0.20548848585739943	0.29665106843166716
0.20676666588436032	0.29236402071698697
0.208048152767768	0.2882939298679758
0.20932222681342544	0.2843898950619136
0.21060190532410894	0.28061318098508414
0.2118761436993698	0.27694851403785914
0.21315275278388646	0.27339086491648346
0.2144370854544811	0.2699394767150205
0.21571555118785796	0.2665960526381298
0.2169931430108541	0.26336132915147387
0.21827316118817913	0.26023326444585465
0.21955260321401626	0.25720373375272026
0.22082934310605637	0.2542501593966447
0.2221061407501947	0.25134310769460455
0.22354457796038057	0.24848806801291984
0.2249842420932366	0.2457450674261384
0.22626350062530712	0.2431714685857162
0.2275376236359316	0.24076746876189453
0.22881560143070617	0.2384993365245369
0.23009304982552398	0.236342151592622
0.23137301190761397	0.23428725779335047
0.23264730713177295	0.2323321117521176
0.23392373178711984	0.23047465692942726
0.23520882727370654	0.22871344748500155
0.23648320386750632	0.22704739475451452
0.23776770497259292	0.22547231800287074
0.2390410514516018	0.22397662442094923
0.24031932498413872	0.2225457399843476
0.2417600661413636	0.22118211885512112
0.24319790275977593	0.2199131751805015
0.24447307727251244	0.21876311992296313
0.2457523825661315	0.2177288318419576
0.24703222990924026	0.21679254560932049
0.2483098113055747	0.21594125712082854
0.2495884824980353	0.21516914335951098
0.2508625241135882	0.21447308307842966
0.25214397430599866	0.21385052306426836
0.25342102327864485	0.21329914211451878
0.25469876282451887	0.2128166127292376
0.25597951344364994	0.2124004806062183
0.25725997895129066	0.212048044967408
0.2585364412473301	0.21175599128991068
0.25981376256163524	0.21152107944584259
0.26125297645505524	0.21134231101623466
0.26268696102993794	0.21122081033278045
0.2639697382810965	0.21115599628682172
0.2652460831029103	0.21114375410630198
0.2665251248357056	0.21117884428545233
0.26780149359249855	0.21125712083853307
0.26907791474785586	0.21137553084711427
0.27035788177293196	0.21153144291910728
0.2716342368390839	0.2117223302537314
0.2729136717323064	0.21194571474905144
0.2741922050963402	0.21219916012036993
0.2754712184122523	0.21248043648933085
0.276750293202094	0.21278830153661016
0.27802678962210464	0.213123824659811
0.27930804203593734	0.21348935750024614
0.2807432259471194	0.2138825264579247
0.28218448486786507	0.21429278193773346
0.2834643549243029	0.21470905459552067
0.2847377009545002	0.21512818944051512
0.28601922177938	0.21555229041891255
0.2872986720455311	0.21598253079058624
0.2885744625282731	0.21641804387858182
0.2898500320158063	0.2168573691026694
0.29112723953697545	0.2172990127385569
0.2924080943876169	0.21774137328135568
0.29368298764891043	0.21818304326811214
0.2949624268648465	0.21862372990638237
0.2962441592627364	0.2190654409783224
0.2975193263639765	0.21951127907965542
0.2989559924405623	0.21995914624889037
0.30039571828607203	0.22039842129703405
0.30167743389199736	0.220818562784348
0.30295489956099647	0.22121783992176808
0.304233855913732	0.2216000657236978
0.30551076555896467	0.2219680353024537
0.3067891558418867	0.2223222164449182
0.3080681846379437	0.22266204678560517
0.3093461041668891	0.22298676233380815
0.31062410089948794	0.22329563935293578
0.3119033549336454	0.22358804267140953
0.31317859524436353	0.22386356842903363
0.3144539482838124	0.22412240097655897
0.31573870096245304	0.22436568663839282
0.3170128486580724	0.22459479259879764
0.31845210881394354	0.22480852465978973
0.31988891686927956	0.22500210524062084
0.3211650467105784	0.22517142974657223
0.3224483791000327	0.22531664795487288
0.32372351432621	0.22544018995290382
0.3250025866429218	0.2255438157268382
0.32627940931780075	0.2256282018519955
0.32755571448876153	0.2256935857586988
0.3288410658002036	0.22574011674536393
0.33011745483820515	0.22576795216610995
0.33139416930187565	0.2257773062307383
0.3326808348066176	0.2257684225422808
0.33395671885670375	0.22574136706492415
0.3352345432851721	0.22569565156520904
0.33650838736527294	0.22563035324809796
0.3379469867439436	0.22554554120356993
0.33938647844469183	0.2254434099801161
0.34066270270839516	0.2253267170208454
0.34194220842017103	0.22519660012789153
0.3432195114100194	0.2250528931982127
0.3445001325446348	0.22489549955699417
0.34577632557017735	0.22472475123730226
0.34705529272683033	0.224541171473272
0.34833507781782713	0.22434536610270417
0.34961357690010886	0.22413800761874175
0.35089306821353544	0.22391976172935868
0.3521687817805844	0.22369110236925502
0.3534475428283964	0.22345181800364697
0.35472738616334093	0.22320022313178198
0.356005528706726	0.22293388415367626
0.357440588443227	0.22265368922394094
0.3588799053521202	0.22236612046659493
0.36015484918686097	0.22207787338096832
0.361436992728527	0.22179021347283354
0.36271545824301527	0.22150094659586275
0.36399331907823546	0.2212085238866724
0.3652755272109368	0.2209128586752153
0.36654991489578553	0.22061445320788195
0.367828387221836	0.22031385439227008
0.36910823980010504	0.2200116318837986
0.3703853975515885	0.21970823107688342
0.37165928541101256	0.219403291872837
0.3729443411677173	0.21909480534911244
0.3742188419768736	0.21878001206338366
0.3756512190724394	0.21845982544615583
0.37709373115052575	0.2181413425340936
0.3783782564148669	0.217831914372362
0.3796527891481792	0.21753268108141166
0.3809314656362926	0.21724067589329019
0.38221231380825815	0.21695368020680353
0.3834870219381225	0.21667121407452686
0.384764907818143	0.2163934428405259
0.38604112147194125	0.21612059947457263
0.38731950075261296	0.2158529675430237
0.3886012397684466	0.21559093583363106
0.38987998623278985	0.2153348159237449
0.3911545108097835	0.2150842583003262
0.3924383518838163	0.2148376035003514
0.3937126200169297	0.21459269446278717
0.39515151726496744	0.21435030452955608
0.39658933162971605	0.21411572288820074
0.39786504948691487	0.21389399615476895
0.3991487592455852	0.21368541852204223
0.4004216676131269	0.21348745407971492
0.40170277095715134	0.21329819895111993
0.40298172206339783	0.2131170465470111
0.4042597964835942	0.2129439831888484
0.40554276492088837	0.21277912389772163
0.40681644570980313	0.2126225282738207
0.4080912282537068	0.21247412282082814
0.40937303254874713	0.21233376932138526
0.4106509281638924	0.21220116425645003
0.4119268236585095	0.21207544244459098
0.4132057089171378	0.21195550304477004
0.4146487948977077	0.21184167489325387
0.41608221782633315	0.2117363201353337
0.4173620393107053	0.2116414921912876
0.41864216789314024	0.21155697286191205
0.4199145125106065	0.2114812958442355
0.42119634520812216	0.21141336064825136
0.42247610817861103	0.21135269732311351
0.42374713450364376	0.21129907755162775
0.4250307034514802	0.21125230089413624
0.4263115217474166	0.21121218816623333
0.4275866311411279	0.2111785583472683
0.4288650645981737	0.21115118919395426
0.4301473325024404	0.2111298374701549
0.4314226943566491	0.211114310449896
0.4328614112734079	0.21110454042878826
0.4342968099444757	0.21110050167391395
0.4355778239190054	0.21110199315848893
0.4368552998664655	0.21110861513779777
0.43813453254433077	0.21111994929008032
0.4394118949103603	0.21113566125007674
0.44069075314462175	0.21115547751213934
0.44196755006578986	0.2111791466310724
0.44324468843657083	0.21120641939192714
0.44452704943768906	0.2112370381502136
0.4458003305641505	0.21127075254891747
0.4470769845886926	0.21130736218005242
0.4483545406711284	0.21134678941294854
0.4496386599805968	0.21138919872547118
0.4509176160173691	0.2114348761647167
0.4523539178657378	0.2114835400456335
0.4537899091486678	0.21153394221317925
0.4550711600848664	0.21158478278238285
0.4563484813159315	0.2116357090567783
0.4576250694979373	0.21168700818926964
0.45890527492061634	0.21173887150591206
0.46018613568565686	0.2117912181318577
0.4614633618886007	0.21184385377665746
0.4627407705989828	0.21189658756083302
0.46401883344576783	0.2119492492966024
0.46529603333478686	0.2120016759537979
0.4665764094688986	0.21205372085938126
0.46785565243096816	0.21210534627022157
0.4691327430296056	0.2121567931314287
0.47041091622094644	0.21220843915194082
0.4718492538684796	0.21226003772422444
0.47328650003525785	0.2123103588614114
0.47456554854389293	0.21235821376527012
0.47584529725872005	0.21240343636712905
0.47712053634974605	0.2124464846262188
0.4783988549005504	0.21248768929532072
0.4796798146906913	0.21252710364612667
0.48095444319922964	0.21256466629012882
0.48223266483790056	0.2126003046266704
0.4835154108413582	0.2126339454728993
0.48478669477466396	0.21266552689570703
0.4860649988016381	0.21269501887604256
0.487348594596761	0.21272243292294662
0.48862495916091125	0.21274786912136678
0.4899013093064832	0.21277146811616154
0.4913419287198962	0.21279311348480917
0.49278049841457616	0.2128123184315963
0.49405844813646366	0.21282867356045995
0.4953325983857911	0.21284221785601906
0.496603619294031	0.2128532285685455
0.4978886329213676	0.21286190184750484
0.4991695896150684	0.2128683058462323
0.5004466731175171	0.21287246317543385
0.501728867790927	0.21287439895125596
0.5030074064181725	0.2128741452196526
0.5042824700434426	0.2128717314878068
0.5055620114268962	0.212867159841508
0.5068424297442977	0.21286036115402807
0.508120237787623	0.21285121785840982
0.5095645817065623	0.21283975132495384
0.5109947644056202	0.21282625552291906
0.5122755933355143	0.21281108445912061
0.5135561236586845	0.2127943786911675
0.514830427826712	0.21277610873282776
0.5161092089559096	0.2127562485697955
0.5173875808601729	0.21273483080153194
0.5186654279420663	0.21271192224950766
0.5199463754594692	0.21268760242239074
0.5212232341895426	0.21266195158179707
0.5224995815644875	0.21263504233732786
0.523781443829023	0.2126069327277161
0.5250570694844874	0.21257760662852546
0.5263357378396815	0.21254685635901394
0.5276130775434663	0.21251437469181422
0.5290530551910259	0.21248027219657323
0.5304881329477493	0.21244535050820879
0.5317683234173614	0.21241043158783185
0.5330434472750609	0.21237566297808327
0.534322628942775	0.21234075798200347
0.5356006420292129	0.21230551197331102
0.536882036401929	0.21226991327307887
0.5381604733264487	0.21223403449297773
0.5394380495832869	0.21219795324589866
0.5407144936883179	0.21216173257845733
0.5419938617862238	0.2121254308049323
0.5432715174604055	0.21208909531339076
0.5445501364963671	0.21205269054194983
0.5458289851080623	0.21201597677264838
0.5471049204316876	0.21197861169488103
0.5485439508232741	0.21194071408683895
0.5499870831016709	0.21190315545594854
0.5512621979307507	0.21186679574019135
0.5525364611997591	0.21183171865167216
0.5538185785701993	0.21179754485814772
0.5550998888531952	0.2117640202910514
0.5563752772132319	0.21173109965816675
0.5576562757466551	0.21169880892542756
0.5589336187251247	0.2116671823892626
0.5602084329048896	0.21163624986803714
0.5614916171061181	0.21160604024718369
0.5627661974077458	0.21157657483302225
0.5640451482540831	0.21154781111732357
0.5653252265298538	0.21151956244934544
0.5665976060453853	0.21149157400168878
0.5680349991327994	0.21146391584529134
0.5694749172742903	0.2114371816854492
0.570754288662869	0.211411948565922
0.5720331443160028	0.21138825248383253
0.5733178470762195	0.21136581239756136
0.574594286217953	0.21134442148981541
0.5758639139348544	0.21132399561854617
0.5771464781988405	0.21130450136034495
0.5784259029410647	0.2112859374980699
0.5797066218951477	0.21126831632054902
0.580979551395544	0.21125163154729504
0.5822595148827632	0.2112358349126336
0.5835407136462207	0.21122081464514894
0.584814259569536	0.2112064389137465
0.5862581399609361	0.21119274271023444
0.5876938446485032	0.21118000636208245
0.5889735933687016	0.21116847871608732
0.590248629513334	0.21115813373242975
0.5915303642419016	0.21114879419492993
0.5928040635788704	0.21114032754071108
0.5940839890950113	0.21113267458574048
0.5953647112311911	0.21112580809636175
0.5966417335068613	0.21111970764642607
0.5979199774725772	0.2111143509392951
0.5992005701983006	0.21110971404861478
0.6004772611163844	0.21110577245085402
0.6017571583666276	0.21110249860321414
0.6030308915654394	0.2110998603647974
0.6043134451097432	0.21109782906100638
0.6057463706031873	0.21109639503609495
0.6071875667250465	0.21109556171029972
0.6084663832866876	0.21109531407493554
0.6097450659899435	0.21109560841708608
0.6110216304212615	0.2110963944295268
0.6122998227464269	0.21109763193091668
0.6135800834308616	0.2110992893593354
0.6148547403126741	0.21110133840724368
0.6161366811278344	0.2111037515511877
0.6174121076672486	0.211106501415497
0.6186926269466918	0.2111095613122639
0.6199681599003714	0.21111290711646188
0.6212508359924473	0.21111652508430248
0.6225256649203813	0.2111204269637029
0.6238044285908988	0.21112463988530872
0.6252389761516738	0.2111291377749446
0.6266825859875521	0.21113380064256654
0.627958748552493	0.21113850228371564
0.6292372422020293	0.2111432071870851
0.6305123405251594	0.21114794141601945
0.6317915750824774	0.21115272207934926
0.633075042853826	0.21115753992001576
0.6343511404661458	0.21116237437125304
0.6356288124895224	0.2111672057373112
0.6369073614661772	0.21117201758737564
0.6381815824780757	0.21117679743784112
0.6394629159277126	0.2111815426664897
0.6407467879285528	0.21118627184470726
0.6420214460549576	0.21119101474055185
0.6434539923707385	0.21119574884243297
0.6448953832197586	0.21120036343846482
0.6461764609652489	0.21120474840648085
0.6474512776591865	0.21120888693325376
0.6487303195787903	0.211212821058849
0.6500107067345081	0.2112165804175878
0.6512887241981984	0.2112201687332748
0.6525670641721165	0.211223580179469
0.6538434709257415	0.21122680866804502
0.6551231915234237	0.21122984854080049
0.6564033127764688	0.2112326937690933
0.6576806842505719	0.21123533967523583
0.658956716048474	0.21123778750595418
0.6602344123794973	0.2112400484724119
0.661515468485768	0.21124213551275312
0.6629535198692228	0.2112440372823637
0.6643915902001263	0.21124571117792387
0.6656705626545776	0.21124712275965904
0.6669445055318752	0.2112482765682874
0.6682251794007874	0.21124919708386944
0.6695026077554606	0.21124990164300542
0.6707864477386878	0.21125039727570633
0.6720494384890313	0.21125068752306556
0.6733333920737156	0.2112507758206539
0.6746120671594124	0.21125066573216558
0.6758903482613979	0.2112503609380432
0.677170798310303	0.2112498650946665
0.6784512676775252	0.2112491792436826
0.6797248112199833	0.2112482963814517
0.6810026072847079	0.21124720366846883
0.6824388684796101	0.21124590345103827
0.683878886205677	0.2112444282606834
0.6851600598553289	0.21124281704122963
0.6864422062289057	0.21124108471933503
0.6877203221721262	0.21123922736894293
0.6889931049264688	0.21123724107768713
0.6902732703909232	0.21123512776151238
0.6915510578586068	0.2112328932904092
0.6928308607613797	0.21123054182766018
0.6941100661431603	0.21122802414741618
0.6953809404926888	0.21122485411111086
0.6966657256161527	0.21121866051409044
0.6979421111897004	0.21120360031310506
0.6992218951489797	0.21117490048873624
