X	Y
0.05064680375058097	0.4285368274543043
0.05209378776610175	0.5068879058644051
0.05336552606354019	0.5495597189461655
0.054643854168395414	0.5689625032453168
0.05591560744900369	0.5805441579583198
0.05719318141488779	0.5906285110157331
0.05847407891310339	0.6005211567126153
0.059756917169132104	0.6103463027772739
0.061022200454561776	0.6200903235742569
0.06228597334496609	0.6297559442428293
0.06355636858783538	0.6393651196240285
0.06482972541307497	0.6489384069055232
0.06613295024241402	0.6584876940419949
0.06743059463593615	0.6680426299051601
0.06871610587941956	0.6776522283900555
0.07016625240287232	0.6872699437757477
0.07159143081634022	0.6966854958163899
0.07288247836424683	0.705701293008811
0.0741442748032358	0.7143082526617559
0.07542383416560951	0.7226096285667244
0.07670936786260149	0.7306737469553524
0.0779784179390611	0.7385131173541031
0.07925292130689478	0.7461267819547861
0.08053424106658696	0.7535091283633634
0.08182019484060479	0.7606416542492539
0.08309106381573556	0.7675058449568225
0.08435410320878942	0.7741031418594341
0.08563051615101933	0.7804576561199345
0.08691173320864264	0.7866121446753426
0.08819584374554534	0.7926057352816224
0.08963624350790214	0.798401442478439
0.09107568141570382	0.80386267908697
0.09233245471202517	0.8088769522861252
0.09360803603000063	0.8134545428380678
0.09489997864787768	0.8176613000366055
0.09618327937781608	0.8215329523745073
0.09746033194215539	0.8250754496275591
0.09875097117719012	0.828286654693333
0.10004079419068422	0.831160921077162
0.10131573298884052	0.8336931153257758
0.10259473863048292	0.8358830278102735
0.10387359486467408	0.8377335339728774
0.1051546297011855	0.8392478800013569
0.10643152521331022	0.8404258865215893
0.10786699903837314	0.8412564861193254
0.10930209573644281	0.8417213582922455
0.11058264261077004	0.8418133878157411
0.11185792708572115	0.8415428280384164
0.11313590867392863	0.8409242318432161
0.11441217240780173	0.8399665912341227
0.11569061028915463	0.8386745894308796
0.11697107017717068	0.8370521300544472
0.11824406176357753	0.8351026023027849
0.11951734239498871	0.8328280964673188
0.12079828858476828	0.8302308267647133
0.12207599718422174	0.8273129880359016
0.12335488140117071	0.8240673452109482
0.12463071428415881	0.8204605475587445
0.12590847353873785	0.8164428011665279
0.12734206870300666	0.8120152157787623
0.12877941137003757	0.8072724482642515
0.13006390754817002	0.8023210592817653
0.13134078910516642	0.79718384699798
0.1326235670738822	0.7918254389924033
0.13390840845228427	0.7862205616285018
0.13518435081818003	0.7803672101477415
0.13646338271613842	0.7742699546295234
0.13774086860576767	0.7679329394551528
0.13901857946174292	0.761361821921145
0.14030192601183278	0.7545664577619284
0.14157927428275466	0.7475562960358272
0.1428561871148367	0.7403178599911268
0.14412514472878718	0.7327843163697072
0.1454071408533709	0.7248643080936822
0.14684644927922935	0.7165734974123883
0.14828268732285707	0.7080979571536826
0.14956376258194104	0.6996280068339987
0.1508420659868274	0.69119191184401
0.15212060535022404	0.6827141752383686
0.1533986800665703	0.6741351256618815
0.15467059128348407	0.6654354127599053
0.15595897316400278	0.6566199419753437
0.15723658752691325	0.6477078183593217
0.15851255215494134	0.6387170727235217
0.15978561203686845	0.6296475551730051
0.1610520958574439	0.6204626390326338
0.16233420466477697	0.6110736588958432
0.16362207987913863	0.6013852045215621
0.16506684736276267	0.5914368808772802
0.16650403072081313	0.5814587724676406
0.16778703484662127	0.5716718846108452
0.16906463210981615	0.5621003423180296
0.1703428284008328	0.5526470772313645
0.17161791637796917	0.543236999854086
0.17289290602711144	0.5338448613644661
0.17417129303790307	0.52446971813814
0.1754505032309902	0.5151200272232175
0.1767269796687638	0.5058056241043499
0.17800492311420052	0.4965331175195875
0.17928549096506588	0.4873046872419642
0.18056515702774747	0.4781040568108488
0.18184448355768276	0.4688679060352363
0.1831258654757121	0.45951162897076336
0.18455951756251768	0.45006115874228353
0.18598649269256057	0.44071321824564913
0.18726596336389326	0.43165699784184275
0.18854856788753302	0.4229070431811524
0.18982762659334987	0.4143756596259397
0.19111136253234096	0.40600054334457947
0.19238545147184083	0.3977633317664873
0.19366376809386127	0.3896611925721113
0.1949456931482901	0.38169672829514956
0.19622239198134667	0.3738768901717523
0.19750311034437046	0.36620828166915054
0.19877883020790055	0.35869186808956255
0.2000578489809346	0.3513111067086011
0.20133643370986412	0.3440125892464783
0.2026129060689663	0.3367273247351113
0.20405257197198343	0.32947492145258916
0.20548844347176778	0.32241226073017837
0.2067655416447439	0.31568951567876785
0.20804536379023278	0.3093145579275888
0.20932243497865946	0.3032114271008461
0.2105995204403279	0.297323689305183
0.2118769183446331	0.2916319067109866
0.21315314197737542	0.286132822606287
0.21443630380777767	0.28082861268686915
0.21571319298305788	0.2757232001994462
0.2169905941152075	0.2708186138411113
0.2182707960038626	0.2661136850288206
0.21954970370328014	0.26159891999739004
0.2208260506463343	0.2572440520302861
0.2221044154888109	0.2530099576071135
0.22354399142957718	0.24890849236048826
0.22498129582258522	0.24502765347893474
0.22626077359059135	0.2414483664520697
0.22753498977738493	0.23816958528071006
0.2288166215862963	0.2351440223303912
0.23009206499302806	0.23233758696186171
0.2313685109034596	0.22973770278136024
0.23264473645308642	0.22734003102437333
0.2339237017300046	0.22514248750669497
0.23520649292952028	0.22314442810096485
0.23648415689492527	0.22134525905597655
0.237765796385079	0.21974158349156772
0.23904082844643065	0.21832482312491777
0.24032187115491072	0.21708590090349117
0.24176010854384913	0.21602949116834674
0.24319881847942915	0.2151763097137638
0.24447260337715535	0.2145405465027873
0.24575226352627103	0.21411495692853874
0.24702990060538166	0.21388301744448998
0.24830691489964127	0.2138331167062176
0.24958892936620247	0.21395951927756843
0.2508620023981227	0.21425878705432252
0.2521427767603397	0.21472789890443586
0.2534222396713287	0.21536363860484925
0.25470140679868464	0.21616261916782373
0.25597947419683986	0.21712220009194597
0.25725923020140906	0.21824395317178188
0.2585335949363302	0.2195396705114366
0.25981561355872074	0.22102723018923692
0.261253438933443	0.2227042609771469
0.2626893121643193	0.22453203888972276
0.2639701374135528	0.22646748518254545
0.26524545421455836	0.22849993875101415
0.26652630865355903	0.2306414148956069
0.2678026076083401	0.23290114777713047
0.2690801259903382	0.23528012648238109
0.2703569046888535	0.23777589544315647
0.2716362208473954	0.24038483712021527
0.27291512533603307	0.24310254662578018
0.27419340946326065	0.2459247228406216
0.2754706564628202	0.24884901008872626
0.27675258276585085	0.25188096515368524
0.27802731176887907	0.25504566281827196
0.27930486553806994	0.25837930846516377
0.2807459026442773	0.2618757367202846
0.28218305901254576	0.26545688854983385
0.2834648656759318	0.2690417582637101
0.2847395093893192	0.27261861915572055
0.2860193547681634	0.2762202366859663
0.2872996937729477	0.27987050796937596
0.28857439667531826	0.28357473335261685
0.2898526212226419	0.2873315706813049
0.2911292636297402	0.2911384713239268
0.29240872549462	0.29499206691867585
0.29368656039355623	0.2988903279348563
0.2949650489046094	0.30284105476820433
0.2962434424735616	0.306874967634619
0.2975231282125525	0.31103410206028476
0.29895666973604323	0.3153100871408239
0.3003954091704585	0.31961112961522337
0.3016778425753663	0.32384294106204586
0.30295397551040604	0.3279935873865173
0.30423311767558897	0.3321043519221629
0.30551311852684826	0.336206699380701
0.3067870996498889	0.3403099748185704
0.30806852690939684	0.34441388062121725
0.3093468667450299	0.3485147947286887
0.3106243035643846	0.35260841883586846
0.3119018906452078	0.35669187771641964
0.3131784544526568	0.36076555827984036
0.3144551347493919	0.36483965193024326
0.31573699069194566	0.3689453629806065
0.3170130411774653	0.3731231699988803
0.3184518446587865	0.3773627867551841
0.31988732478062326	0.3815730860200167
0.3211647861961081	0.3856645292701968
0.32244474779132404	0.3896298637816703
0.3237239342928014	0.39351143187828025
0.32500171980194154	0.3973405817892931
0.3262804344462664	0.40112732374839144
0.32755698087202195	0.4048724972957769
0.32884091473986954	0.40857409247956994
0.3301161105811314	0.4122298054408662
0.33139415760450114	0.4158382652263055
0.33268210448316315	0.41939812057093523
0.333956025697834	0.42291485777813
0.33523093430420603	0.4264153130075986
0.3365116840379228	0.4299364294663566
0.3379469238757398	0.43347067328814703
0.3393864012273252	0.4369418300615418
0.3406626127870421	0.44027601279065265
0.341941283000595	0.4434690446112499
0.3432215564227608	0.44655788398553564
0.344500835428561	0.44956918656951095
0.345776483158883	0.45251154232427865
0.34705592843643895	0.45538648154030303
0.3483346216928812	0.45819347914069863
0.3496137571630717	0.4609312024444272
0.3508913348449562	0.4635985795389652
0.3521710318180375	0.4661960233300422
0.35344797965533264	0.4687294735981625
0.3547272168857761	0.4712171199126861
0.3560067738920726	0.4736821934378822
0.35743905601974485	0.47611876706106726
0.3588789834905316	0.47847586814982157
0.3601544852250556	0.4807045570372377
0.36143676105173517	0.482802942750023
0.36271277633898336	0.48479721761364025
0.3639904643240035	0.4867070261474714
0.3652720815405597	0.48853894113129037
0.3665479734077041	0.49029397549302267
0.3678236035467044	0.49197259406292715
0.36910734535231765	0.49357507711114834
0.37038441964968233	0.4951015974117656
0.3716614098626118	0.49655526720422116
0.3729431071441271	0.4979457629892786
0.3742191279841939	0.4992851644006472
0.37565131542479635	0.5005703620737184
0.37709431451514863	0.5017749545570674
0.3783763022484752	0.5028738958814162
0.37965246242844386	0.5038672781955675
0.38092897605753423	0.5047702510082633
0.3822109190288388	0.5055941263650879
0.38348563954555936	0.5063429814073713
0.3847655322582933	0.50701795340907
0.3860429236362714	0.507619670224257
0.3873181577180618	0.5081487845165241
0.38859842092343144	0.508605982489943
0.38987615516334573	0.5089918871404491
0.3911535840189265	0.5093071957322822
0.39243457249983155	0.509552689955702
0.39371158129892725	0.5097285092875072
0.3951479876976796	0.5098333034145812
0.39659126019358515	0.5098653964993789
0.39786978970687364	0.5098253218316015
0.3991475346409969	0.5097158497591373
0.4004240805098915	0.5095398053789237
0.4017049210237961	0.5092990109332829
0.40298249350786924	0.5089946458251615
0.404260544126384	0.5086276911063384
0.40554005634315404	0.5081991181199745
0.4068170789927986	0.5077098819615805
0.40809380897585995	0.5071608287336018
0.4093737159863405	0.5065524478820232
0.4106523100208964	0.5058831614656552
0.4119256910184668	0.5051459765999998
0.41320588883343395	0.5043307506588713
0.41464676649428606	0.5034383397253642
0.4160830326648616	0.5024886157495653
0.41736050296733185	0.5015029537170755
0.4186411660670627	0.5004852931245538
0.4199153854512502	0.49942770661488567
0.42119433389295496	0.4983237660407619
0.4224740065639442	0.4971719178522177
0.4237526232620906	0.49597296449248385
0.42502929420320895	0.4947280537822095
0.426310923514841	0.4934382432442902
0.4275865848312065	0.49210377516115955
0.42886435452305127	0.49072094896917173
0.4301458324234539	0.4892773938123547
0.4314215418691814	0.48775622268298047
0.4328592443403232	0.4861594481287864
0.43430061383643387	0.484521502159441
0.43557869262083465	0.48287851733678544
0.43685558642920314	0.4812352408054058
0.43813567284072136	0.4795760299183083
0.4394117376766514	0.4778887808423977
0.44068970908568644	0.4761696924527209
0.4419695690580905	0.474418902581352
0.4432476474039171	0.4726379068934675
0.4445273116997774	0.4708283299434083
0.4458008114883104	0.4689909187125918
0.44707947301252793	0.4671247396052083
0.44835801305039547	0.46522433028698906
0.4496356144922433	0.4632736133237588
0.45091727803271214	0.46125129101250006
0.45235301382214893	0.45916114127555363
0.4537906242649257	0.45704763597187414
0.4550686939906267	0.454955718084043
0.4563493129956965	0.4528901158711884
0.45762748739819115	0.45083009050886236
0.4589026531416223	0.44875946999644467
0.46018616188591543	0.4466732874996985
0.46146238803811956	0.4445718976007913
0.4627383919961306	0.4424560354362967
0.46401786352926744	0.44032577013733376
0.4652947914824035	0.4381812887700669
0.46657531230387206	0.4360224436332977
0.46785699057388774	0.4338444283474093
0.4691318941400766	0.4316295067508685
0.4704106400929818	0.42935284791521244
0.4718506341239613	0.4270181059690499
0.47328856030422434	0.42467544994412476
0.47456406137053214	0.4223748608683129
0.4758445872317305	0.4201202179148428
0.47712166745496987	0.4178872803167665
0.4783996362683264	0.41565795320193133
0.47968012089519285	0.4134267424814081
0.48095575129382956	0.41119334532608376
0.4822327262331521	0.4089579613351074
0.48351286957108836	0.40672086830808174
0.4847887075938606	0.4044825936514941
0.4860684471119818	0.4022427240625246
0.48734800384295085	0.3999956798972165
0.48862383389721975	0.39772295822821024
0.48990107088496926	0.3953993585761594
0.491342249476798	0.39302876821015925
0.4927783352493564	0.3906621421307812
0.4940566986406916	0.38835034844314764
0.4953364112558777	0.3860972781795093
0.4966053130927702	0.3838768820812364
0.4978883385398912	0.38166885455181787
0.49916923858744333	0.3794673595945969
0.5004467461081591	0.3772729597985821
0.5017248125375092	0.37508633932804325
0.5030057614014899	0.3729076931865072
0.5042835542418661	0.37073640153658116
0.505562159562317	0.3685664218161895
0.5068412812048821	0.36637932902345405
0.5081193454488103	0.3641515474627063
0.509566262972434	0.3618881454374929
0.5109971673238304	0.3596380345561917
0.5122760946601435	0.3574481448775283
0.5135558257592933	0.35532083189024455
0.5148314789003323	0.3532320062095269
0.5161108412435204	0.3511634854552236
0.5173870322761842	0.34910893706905355
0.5186673198689539	0.34706741916140077
0.5199453454903706	0.3450394808639316
0.5212244329598843	0.3430258603139117
0.522501239041	0.34102688291623195
0.5237802982712858	0.339041593061977
0.5250558020765416	0.337064254922063
0.5263362934598848	0.3350784197324044
0.5276121461800222	0.3330626797873204
0.5290510235810586	0.33102038647397786
0.5304908633956237	0.3289948080099385
0.5317697124291421	0.32702915192683
0.5330479829319529	0.3251264737161674
0.5343255926274183	0.32326484169230063
0.5356017432471939	0.3214273201038137
0.5368811460382059	0.31960788795319484
0.5381573578791333	0.31780544217775586
0.5394375279628446	0.31602000817524467
0.5407144791052121	0.31425178966029366
0.5419944010578714	0.31250105085813557
0.5432736921613156	0.31076744812197254
0.5445507646380867	0.3090463933136892
0.5458265047738958	0.3073232810251376
0.5471056054874416	0.30557912306403334
0.5485457174541748	0.3038171954487666
0.54998412765604	0.3020752531818185
0.5512589971579769	0.300389801405618
0.5525389307783252	0.298762271263099
0.5538175866386873	0.29717333830484965
0.5550947048845021	0.2956085845541264
0.5563751065810132	0.2940631868815021
0.5576574319182603	0.29253689287589985
0.5589319774479519	0.29103015450216196
0.5602101383254324	0.289542597196882
0.5614877042539782	0.2880735025930471
0.5627669671811444	0.28662198796123595
0.5640453135627698	0.28518430401270145
0.565323471000037	0.2837490128449339
0.566600218811977	0.2823007394925828
0.5680359801737253	0.2808414454211539
0.5694766117509533	0.2794014391340929
0.5707564471075381	0.27801105148979877
0.5720334226201387	0.27667212716816114
0.5733151830200435	0.2753689713896323
0.5745911618141676	0.2740896547436
0.5758686420173371	0.2728297813266667
0.5771487302676916	0.27158829867661083
0.5784252905730343	0.2703650373766785
0.579703670437695	0.26915977948628805
0.5809822410321454	0.26797176087009744
0.582261737383695	0.26679773164999476
0.5835383478480998	0.26562824125863116
0.5848175137871616	0.26445085706536003
0.5862544413003877	0.26326748988452003
0.5876931093195958	0.2621028518544967
0.5889720024526692	0.2609811888329508
0.5902492629303603	0.25990353115994624
0.5915290572144575	0.25885679238814485
0.5928056630717897	0.25783107430001506
0.5940862831981069	0.2568229688669716
0.5953663195145376	0.2558320095947371
0.5966414837694685	0.25485812035088395
0.5979198816721157	0.2539008670789196
0.5991981901446313	0.2529598045943394
0.6004775038066977	0.25203442405459975
0.6017563985311216	0.25112229471548037
0.6030315580790235	0.25021602264714976
0.6043120452600342	0.24930587118257677
0.6057462842079435	0.24839316452999222
0.6071864498968126	0.2474967791664774
0.6084660970352569	0.2466353854607632
0.6097456259350352	0.245809928416875
0.6110215730699026	0.24501037882680538
0.6123020932166918	0.24422904288704694
0.613578583310091	0.2434631110045999
0.6148555930645901	0.2427117592739399
0.6161346781355428	0.24197458361904434
0.6174142390879773	0.2412514855988724
0.6186940780527191	0.24054256140841773
0.6199714316097045	0.23984750316413028
0.6212482464464398	0.23916416684941808
0.622524782273146	0.23848666014161402
0.6238032339910325	0.23780760213419033
0.6252433151780533	0.23712820645840166
0.6266825686815733	0.23646290436391584
0.6279606354430323	0.23582559383416068
0.6292350184651766	0.23521649008022658
0.6305149539583451	0.23462769428013042
0.6317935352720927	0.2340534298821879
0.6330718246696984	0.23349174870476952
0.6343509661986778	0.23294221990884695
0.6356275920832307	0.2324046314679342
0.636906676423135	0.23187871126868034
0.6381838922646125	0.2313639524451369
0.6394630097129462	0.23085877963692905
0.6407421345491243	0.23035913057451002
0.6420211639875976	0.22985984368193682
0.6434575630587706	0.2293617277736899
0.6448960928656475	0.22887500871909686
0.6461766571933077	0.22840967527697972
0.647453370487306	0.22796599647150173
0.6487309410359982	0.22753829213308496
0.6500101250423961	0.22712224311769458
0.651288312516342	0.22671629453169917
0.6525670966224395	0.2263200737101194
0.6538442062294454	0.22593341420952223
0.6551234303799098	0.22555611724390887
0.6563983571301175	0.22518789847567322
0.6576787854633372	0.2248283491168715
0.6589606305646428	0.22447647703526089
0.6602364772445315	0.22412955161210502
0.6615137079291364	0.22378386707190787
0.6629517394236184	0.22343983516300064
0.6643928583177785	0.2231045496398776
0.6656707699093342	0.22278493399679583
0.6669470201387795	0.22248107357021885
0.6682276892463636	0.2221890179716457
0.6695057945155208	0.2219059209618662
0.6707835844793886	0.22163076209974375
0.6720502809389711	0.22136301627441846
0.673330374395644	0.2211021699741628
0.6746105470750103	0.22084798184889523
0.67589161020963	0.22060048657291317
0.6771714151246526	0.22035963806820347
0.6784507338249128	0.22012479431133805
0.6797297556035686	0.21989406663208722
0.6810039562213641	0.21966494390607416
0.6824391257612612	0.21943759395976256
0.683881790598968	0.2192165973344905
0.68516338796083	0.21900653210599047
0.6864364670449472	0.21880748213696563
0.6877184479644353	0.21861677067946395
0.688997399166961	0.21843241371037506
0.6902764843901101	0.21825369204414033
0.6915491368332557	0.21808032549163417
0.6928324843705032	0.21791202709083982
0.6941099930772563	0.21774710981603707
0.6953842905317604	0.21757171669987938
0.6966638342080357	0.2173194504873527
0.6979432003087694	0.21682786849220462
0.6992201329311255	0.21596693863000077
