X	Y
0.05067471314836954	0.12684480260731162
0.052086166895277154	0.10073611616304262
0.05336564578051229	0.09394351384545555
0.05464378426541897	0.09864339363679417
0.05593184943294982	0.1065554632297933
0.05721824077501474	0.1144818827232242
0.058471628856520935	0.12183722732812496
0.05974849354850053	0.12863254187272785
0.0610239101812536	0.13493841070192458
0.0623081695045099	0.14080367976936942
0.06360931756148887	0.14625345313960603
0.06488817629490892	0.15130861167411394
0.06613908295088448	0.15601693403264133
0.067412350485547	0.16046123651359423
0.0686940652456449	0.1647208610275991
0.0701354921391018	0.1688059417204496
0.07157769587624359	0.17264500098558955
0.0728567356688307	0.176174733526323
0.07412880798083259	0.17941354853341357
0.07540918081053861	0.1824233728183462
0.0766861767531497	0.18524963211152315
0.07794999807224844	0.18791532724663604
0.07922549759937515	0.19043542518145798
0.0805034240895281	0.19282051430650665
0.08178431656733137	0.19507653812829182
0.0830732448973767	0.19720630793825658
0.08435924908629516	0.19921169301858765
0.08564713346480816	0.20109761181288632
0.08693405778995614	0.20287698618000433
0.08821394846114167	0.20456648335554245
0.08965216315256687	0.20616509369906671
0.09108806576612902	0.2076441468309058
0.09238664857555595	0.2089759149120453
0.09367621669687101	0.21016076440883655
0.09494566256380066	0.21121753514112593
0.09620281538907484	0.21216462243807832
0.09746651639411325	0.2130144407522985
0.09874308864824806	0.2137741646745154
0.10002581858829683	0.21444739471672558
0.10130128881864928	0.21503685141059517
0.10257969900289693	0.2155462874986082
0.10386151839326284	0.21598062420837363
0.10514339522575011	0.21634566851834286
0.10642447894260842	0.21664713544403408
0.10785620057532788	0.2168880288543954
0.10929203703050154	0.21706837977953317
0.11057420341208735	0.21718981231390944
0.11185258574438516	0.2172582530806229
0.11312750891688919	0.21728114202102555
0.11440236575311746	0.21726445196264874
0.11568171275763699	0.21721256193387756
0.11696218869132619	0.21712909193175892
0.11823337057068731	0.21701724374430947
0.11950680985114198	0.21687981259366476
0.12078445884550534	0.21671926042443931
0.12206405894239099	0.2165377188496672
0.12334306346268537	0.21633649946494446
0.12462546437489996	0.21611525604585424
0.12591091428875653	0.21587275034055275
0.1273537632179232	0.21561078002842246
0.1287882506145559	0.21533629427413603
0.1300749338297394	0.21505640213847857
0.13135252124340716	0.214773042851117
0.13262994658365743	0.21448460738921912
0.13390792267790824	0.21418978549736994
0.13518245422936342	0.21388846062195568
0.13646078438158835	0.21358102438701598
0.13774047630161038	0.21326803973025824
0.13902141468789087	0.21295025001740323
0.14030560364212938	0.21262855992923055
0.14158203211387518	0.21230370138844917
0.14285940617515475	0.2119752700127055
0.14412522010361373	0.2116405398225217
0.1454090419327572	0.21129580248914948
0.14684384171474413	0.21094195237161134
0.1482833207467483	0.21058705853994122
0.14956504134636076	0.21023924906770447
0.1508404954954133	0.20989964916619142
0.15211938021351917	0.20956495167908445
0.15339944324940574	0.20923268001616274
0.15466986237325603	0.20890220403305906
0.15595817721715846	0.20857380735629696
0.1572324982439169	0.20824810925997653
0.15850776877779327	0.20792562099197376
0.15979007502333292	0.20760659344183258
0.16106614492382051	0.20729068331722902
0.16234669311545244	0.20697605244734893
0.16362843764301882	0.20666028133549222
0.1650638777053152	0.2063448073341631
0.16649552833539594	0.20603685507325245
0.1677749357975862	0.20574329876539563
0.169051749184568	0.20546494996392145
0.1703333356427312	0.20519909973045533
0.17161299212652065	0.20494397095250835
0.17288939291420527	0.20469936647856013
0.17416876547639548	0.20446570700268385
0.17545212387422032	0.2042436189273941
0.17672836260739977	0.2040337419246968
0.1780029711409258	0.20383651875048486
0.17928472911191162	0.20365223400971946
0.1805663178968061	0.20348096646510327
0.18184170398485366	0.20332216009981818
0.18312200264093312	0.20317497803662554
0.18456389730863015	0.20304021058962612
0.18599806530830837	0.20292088142725748
0.1872807264763484	0.2028194522292275
0.1885579617311477	0.20273561665975412
0.18982983503947587	0.20266759302549925
0.19111120620878957	0.20261401900925533
0.19238313647043856	0.20257423404518102
0.19365782955677596	0.20254783891903672
0.19493934503660285	0.20253445602724834
0.1962186794569883	0.2025336864549889
0.19749775312351464	0.20254509886048322
0.1987757082306372	0.2025682565197937
0.20005664872180443	0.20260286574573497
0.20133701789552727	0.20264905103625216
0.20261163314771857	0.20270723347926653
0.20405435650302045	0.20277701327848943
0.20548855954749815	0.20285639242805842
0.20676699247979075	0.20294309767464191
0.20804887672040642	0.2030362140337495
0.20932149527698213	0.20313586207362647
0.21060217305296822	0.20324214440349242
0.21187572208105412	0.2033548767340574
0.21315230768914584	0.20347375869144957
0.2144366501347141	0.2035984147881041
0.21571609185562896	0.2037284048964428
0.21699305985257092	0.2038633485537136
0.21827320059652913	0.2040030262513158
0.21955265230315552	0.20414761701826312
0.22082937271958986	0.20429823546177733
0.22210611577999742	0.2044565433767778
0.22354413645682253	0.20462223426121628
0.224984490713085	0.20479160553243828
0.2262641799451796	0.204960791451371
0.22753863338319	0.20512923866902566
0.22881496619614444	0.20529858857600217
0.23009247788730444	0.20547009709755035
0.23137412034007088	0.2056440552860488
0.23264685206238436	0.20582039819066958
0.23392348141355232	0.20599908308296552
0.23520865896892632	0.20618002221207296
0.23648294142023407	0.20636310341107253
0.2377684353347159	0.20654866172232933
0.23904148388647037	0.20673819802068993
0.24031856842359547	0.20693384753478544
0.24176084536685913	0.20713526881903546
0.24319835769314885	0.20733804483636412
0.2444732526336512	0.20753777521184302
0.24575246233245046	0.2077340735316316
0.2470336097032779	0.20792892957423204
0.2483111974253885	0.20812375038527142
0.2495879455633323	0.20831894882502228
0.2508625056241948	0.20851457896532055
0.252144369945953	0.20871057172085966
0.2534204353409135	0.20890678842623805
0.2546970379750252	0.20910313134871183
0.25597917547396	0.20929957949648562
0.2572602417191264	0.2094964697273785
0.2585368867285288	0.20969523637750703
0.2598132972372139	0.2098979514768334
0.2612530245899828	0.21010423845329299
0.26268648773144104	0.21030968061875954
0.263969610035398	0.21050983347799607
0.2652467057623055	0.2107042210530542
0.26652568643421837	0.2108948573696636
0.26780145142409734	0.21108331173027922
0.2690767730560447	0.21127012046972546
0.27035889324545476	0.21145530812105895
0.2716341665676083	0.21163873862271243
0.27291377830881325	0.21182027863255354
0.2741924680096305	0.21199981028533146
0.27547255903938556	0.21217727163276942
0.2767503346695985	0.21235302183242985
0.27802617360511356	0.21252840084821537
0.279310063725828	0.2127051618738973
0.2807429816545871	0.21288286641170429
0.2821853399925177	0.2130576606545559
0.2834645678330493	0.21322576834714305
0.28473772675627235	0.21338694590380222
0.2860191649424725	0.21354309625909437
0.2872981465198711	0.21369557571567618
0.28857460858559114	0.21384477341963407
0.28984885425126683	0.21399076632412617
0.2911269241856559	0.21413358957013118
0.2924070960215431	0.21427322053177955
0.2936822497260741	0.21440967296144764
0.2949617201656155	0.2145432646233916
0.29624486637183556	0.21467494859725123
0.29751857263488996	0.21480597478626318
0.29895600260629385	0.21493609143143677
0.30039588605420137	0.2150625943068646
0.3016773232290273	0.21518281275090415
0.30295495425476865	0.21529660837099665
0.3042340123640806	0.2154054065885206
0.30551025667537485	0.21551030582407704
0.3067896657217651	0.21561170984161313
0.30806749919123644	0.2157097091950623
0.3093458029722949	0.21580432525554494
0.31062384256914904	0.2158955712671797
0.3119036608449	0.21598346135136748
0.3131788946677275	0.2160680704670142
0.31445309790339737	0.21614967559195833
0.31573956878803566	0.2162289063693703
0.31701239395832614	0.21630650251103534
0.31845199620281817	0.21638229746791568
0.31988959155304547	0.21645475020317284
0.3211653014313763	0.21652241891188956
0.3224489261022176	0.21658533430941823
0.32372340587874604	0.216644378400991
0.32500219145465725	0.21670022563113545
0.3262784108542905	0.2167531670442058
0.3275550295907385	0.21680331878038198
0.32884178071623765	0.21685072906275063
0.3301169002319442	0.21689542848347587
0.3313934560135711	0.21693747727049767
0.3326796960411365	0.21697695450496185
0.33395626771618064	0.21701398192411497
0.33523533765400426	0.21704883938769026
0.336507470150291	0.21708188674620285
0.33794732632491054	0.21711310401261322
0.33938601767632237	0.21714189914456036
0.3406617517537705	0.21716774357722354
0.3419422466940313	0.21719072849800253
0.34321909326647787	0.2172112821278448
0.34450015301492676	0.2172297247174968
0.34577616499587505	0.2172462074960494
0.34705516828696725	0.21726081446739268
0.3483345190941427	0.21727361449567953
0.3496128323564549	0.2172846718990034
0.3508925936046845	0.21729405082965986
0.3521680503133651	0.21730181819535627
0.3534471212500996	0.21730804360215744
0.35472730357335613	0.21731279482962512
0.35600553705694693	0.21731612527458868
0.35744036551525954	0.2173180620418902
0.35887989833230977	0.21731862844892882
0.3601552497852839	0.21731788759754864
0.36143706752180077	0.21731594013102934
0.362715808819236	0.21731288478530414
0.36399324772203395	0.21730880027138053
0.36527641365519015	0.21730375286860953
0.3665504053962499	0.2172978037708627
0.36782922080213853	0.2172910109096117
0.36910802716571944	0.2172834310719957
0.3703861486367588	0.2172751141975649
0.3716574715723623	0.2172660792945791
0.37294471976652727	0.2172562822776539
0.37421887323462794	0.2172456454514869
0.37565124067390704	0.21723422016727967
0.37709350267589936	0.21722229125407522
0.37837895844743585	0.21721016952399352
0.37965248365962523	0.2171979441174335
0.38093237951844333	0.21718554652010516
0.3822127786518099	0.21717292871580493
0.38348699950310267	0.21716010199500568
0.38476434265149295	0.21714709763328047
0.3860411469987079	0.21713394896854418
0.3873206869954895	0.21712069366406497
0.38860153364885774	0.21710737396261257
0.3898797079981318	0.2170940243050447
0.3911548252377729	0.21708064079822562
0.3924391290116913	0.2170671447361962
0.39371241410026997	0.2170534254339923
0.3951524761484962	0.2170395384353874
0.3965889142504686	0.21702580410581773
0.39786377618748725	0.2170125367934202
0.39915085228124014	0.21699978096539677
0.40042148400106076	0.2169874151533822
0.40170285732940675	0.21697534770188423
0.40298117660361976	0.21696355852183502
0.4042593737710972	0.21695206311421486
0.4055431049346739	0.21694088666162206
0.40681654241927445	0.21693005076689625
0.40809042285942215	0.21691956599654824
0.4093726005408731	0.21690943704966784
0.41065140968403346	0.21689965595405683
0.4119275090513915	0.21689016987969933
0.41320566563807115	0.21688090401756405
0.4146486050381104	0.21687189505054288
0.4160820270120032	0.21686334627576748
0.41736256039963104	0.2168554442893415
0.4186431257605506	0.21684819620921708
0.41991367358541704	0.2168415050617568
0.42119738850965627	0.21683530011777774
0.4224774862477637	0.21682956129803077
0.4237465330713531	0.21682428697696718
0.42503110273729416	0.2168194764314688
0.42631133780175506	0.21681513143694822
0.42758768328339136	0.21681125365202347
0.4288650591898431	0.21680783762068623
0.43014760234159144	0.21680486890961492
0.43142335177755925	0.2168023344121615
0.43286288708288007	0.21680024711149107
0.43429585059751374	0.21679864799977527
0.4355773140517454	0.21679756267063127
0.43685557769313665	0.21679697463043365
0.4381340612954569	0.21679684988187842
0.43941233187365814	0.21679716403550126
0.4406904093707398	0.21679790399747748
0.4419674364408318	0.2167990609200249
0.4432446155933012	0.2168006262134735
0.4445271579012703	0.21680259028864635
0.44579976550423217	0.2168049439152382
0.4470763885299623	0.21680768184165175
0.44835361903700793	0.21681080965426697
0.44964040259524496	0.21681435559431558
0.4509178069762355	0.21681836103078586
0.452354311339366	0.21682281636418627
0.4537907203390816	0.21682761892652475
0.4550720462356863	0.21683265445187294
0.45634844009336445	0.21683789406871892
0.45762483812176075	0.21684337037723675
0.4589050629830295	0.21684910850342387
0.46018548701212286	0.21685510756741702
0.4614643739538965	0.2168613546485446
0.4627416321660696	0.2168678361761689
0.464019980972416	0.21687454066611242
0.46529631379717395	0.21688145793308977
0.46657677282602283	0.21688858047648238
0.4678555932955195	0.2168959177329066
0.46913361002826875	0.2169035240081471
0.4704114670715652	0.21691147841366845
0.47184863480664624	0.2169197618734047
0.47328536357129075	0.2169281898516932
0.47456657096573573	0.21693657079818388
0.4758459234621303	0.2169448728674021
0.4771200958495643	0.21695317023212046
0.47839866587692764	0.21696152118908552
0.4796788829623221	0.2169699385664623
0.48095480879532204	0.2169784143914028
0.48223255155494454	0.21698693693094148
0.4835160779238884	0.21699549266357196
0.48478672488735924	0.2170040712878944
0.48606286896449474	0.21701267272882455
0.48734963896773303	0.21702131358433432
0.48862487746499506	0.2170300519757536
0.48990198719939965	0.21703897254226964
0.4913418240546084	0.21704805292023346
0.49278197533315576	0.21705708912886015
0.4940592360442259	0.21706587710544434
0.4953308751346434	0.217074399709658
0.49660351360998484	0.21708275760388526
0.49788935078406044	0.21709102246706224
0.499169312967182	0.21709920654863712
0.5004472876301831	0.21710729999536926
0.5017298112882173	0.21711529260921317
0.5030074844273816	0.21712317669978018
0.5042819459960012	0.2171309526044939
0.5055615946833879	0.2171386405878605
0.506842899918822	0.21714629709708785
0.508120659777098	0.2171539918224723
0.5095643358359591	0.21716170050465952
0.5109933017371009	0.21716925621923833
0.51227505322783	0.2171765003184036
0.5135553979374647	0.21718342271553004
0.5148300054308131	0.21719010221996457
0.5161095181345835	0.21719659869987645
0.5173878462030232	0.2172029317667314
0.518664297540933	0.21720910276542604
0.5199471940745519	0.21721510841239508
0.521222354779123	0.2172209451009779
0.5225001914196193	0.21722661146159086
0.5237806676328253	0.2172321091186922
0.5250565817452653	0.21723745022113453
0.5263362882556131	0.21724267301880354
0.5276127286810472	0.21724782680810054
0.5290527504301307	0.21725289862299382
0.5304875338536311	0.21725778068212523
0.5317684134568316	0.21726237139377808
0.5330426004713893	0.2172666698151546
0.5343216126496977	0.217270734394713
0.535599485138203	0.21727460827565498
0.5368821505582113	0.21727830535609868
0.5381610139535312	0.21728182709545535
0.5394377882370955	0.2172851741262751
0.5407155194852679	0.21728834882248343
0.5419933764173093	0.21729135416320972
0.5432701315782069	0.21729419385950755
0.5445499641502077	0.21729687599999004
0.5458299985437879	0.21729941937261604
0.5471039179684156	0.21730184738228941
0.5485436358813749	0.2173041556073755
0.5499878986946818	0.2173062971444426
0.5512642169302879	0.2173082297180633
0.5525343632483651	0.21730995869481462
0.553819236513795	0.21731151532413323
0.5551019606685832	0.21731292134121902
0.5563754520577269	0.21731418531663443
0.5576556217166437	0.21731531185800032
0.5589325122983853	0.21731630515451889
0.5602072563739778	0.21731716914417087
0.56149337437104	0.21731790741892368
0.5627659495857188	0.2173185234094918
0.5640462255637447	0.21731902093904423
0.565326729328382	0.2173194040886021
0.566597524987804	0.21731967601082539
0.5680344187446285	0.21731983768780166
0.5694740570376701	0.21731988950499334
0.5707537594081511	0.21731983499050864
0.5720324848280277	0.21731968105734298
0.5733180779979571	0.21731943493760153
0.5745951950907375	0.21731910231885967
0.5758626820775692	0.217318687332339
0.5771448883923358	0.21731819349431486
0.5784264699462299	0.21731762479397965
0.5797071930859484	0.21731698557150195
0.5809790429706568	0.21731627921183236
0.5822594435793566	0.21731550627297577
0.5835419692677808	0.2173146618591741
0.5848134507381989	0.21731373797419815
0.5862585100197232	0.2173127385203454
0.5876941081475187	0.21731168843461862
0.5889737224442453	0.21731061408821525
0.5902485156103179	0.21730952193402736
0.5915315605456669	0.2173084052898432
0.5928035385756549	0.21730725931108266
0.5940840425092075	0.21730608416582003
0.595365696318338	0.21730488272060497
0.5966424965096998	0.21730365858419018
0.5979202583832265	0.2173024149969327
0.5992018411352323	0.21730115499993188
0.6004774077619134	0.217299881131006
0.6017577147731148	0.21729859246407598
0.6030294205302855	0.21729728019641673
0.604313571339689	0.21729593194942293
0.6057463881944996	0.21729455234699627
0.6071870656692947	0.21729317311207172
0.6084670720923092	0.2172918261447599
0.6097449034176241	0.21729051629722024
0.6110219079304755	0.21728923106925518
0.6122990045562688	0.21728796103634004
0.6135803103388684	0.2172867042931445
0.6148546605357776	0.21728546227417025
0.6161372212985845	0.21728423695986132
0.6174110150885468	0.21728303016384742
0.6186914615758672	0.21728184332007208
0.6199676548999522	0.21728067733524586
0.6212514779594851	0.2172795310207681
0.6225268543299685	0.21727839750147196
0.6238049501002826	0.21727726677631348
0.6252394109603213	0.21727614207628743
0.6266824593194608	0.21727504826553953
0.6279584081512776	0.21727400973550204
0.6292381132567066	0.21727302849184663
0.6305120538463662	0.21727209272864947
0.631791068274942	0.2172711936333435
0.6330748867168959	0.21727032898732793
0.6343516652475174	0.2172694995007625
0.6356290678099469	0.21726870598784823
0.6369084990389955	0.21726794872789046
0.6381805462256016	0.21726722742186894
0.6394633678524633	0.21726654065668102
0.6407482959946273	0.21726588478811845
0.6420219522008371	0.21726525513310424
0.643452112444168	0.21726465347959206
0.6448947151269219	0.21726409214602646
0.6461763986564284	0.2172635828431676
0.6474504062990002	0.21726312558321606
0.6487310903859349	0.21726271340880138
0.6500111576566902	0.21726234122540247
0.6512885116340619	0.21726200726173933
0.6525674211683757	0.217261710993835
0.65384340455626	0.21726145203715566
0.6551230197953954	0.21726123001366177
0.6564041464126963	0.21726104461294976
0.6576824931974375	0.21726089553068528
0.658955858673401	0.21726078238571414
0.6602333379555937	0.21726070491957977
0.6615162807471159	0.21726066334187066
0.6629535721590373	0.21726065808020542
0.6643914757038949	0.21726068877159377
0.665670595696319	0.21726075390576205
0.6669446755224574	0.21726085179351018
0.668223988213834	0.2172609812954411
0.6695014796934541	0.2172611415624314
0.6707877925857453	0.21726133173860518
0.67204931858722	0.21726155111371412
0.6733349704456367	0.21726179912022947
0.6746135707669321	0.21726207501510197
0.6758902389398744	0.2172623779300851
0.6771701482913329	0.21726270722059168
0.6784513584568327	0.21726306326448863
0.6797246812053881	0.2172634490781854
0.6810032302145256	0.21726386934814068
0.6824390866491122	0.21726432343607024
0.68387826383585	0.21726480118267177
0.6851589197338736	0.2172652914547269
0.6864433533529748	0.21726579161741882
0.6877200694678839	0.217266304997893
0.688992324028142	0.21726683457019402
0.6902734970328106	0.21726738118862793
0.6915524161880213	0.2172679443447674
0.6928304268316783	0.21726852446529551
0.6941110179915362	0.2172691433768504
0.6953802340532448	0.2172699970924933
0.6966662220698876	0.2172720349356487
0.697941457614409	0.21727760027489812
0.6992228574807098	0.2172886354968593
