X	Y
0.05066607411186624	0.9201975195041727
0.052084586982814644	1.1261343803354775
0.05336010155113259	1.1990694772824393
0.054641683965451895	1.1932258742701773
0.055923945108574395	1.16645271976603
0.0572062770978099	1.14060964307082
0.058471333144236096	1.1192145676849101
0.059752638627535055	1.1018521567352815
0.06102697318991749	1.0878336809001472
0.062304355270116886	1.0766073764379125
0.06359488853735555	1.0677328574259168
0.06486893726686555	1.0608361501567165
0.0661215042967821	1.0555700820398517
0.06739074477259949	1.0516057317741556
0.06867195217764134	1.048654104840456
0.07011178685992336	1.046482533344229
0.07157312761137805	1.044894877308762
0.07285857173907707	1.043685067129025
0.07414219447200569	1.0426207755180026
0.07542227608129996	1.0414677744160232
0.07670170722858813	1.0400060088179768
0.07797538460420234	1.0380169900375156
0.07925938009497638	1.035246346737323
0.08053630994278392	1.031335393931425
0.08180952268886597	1.025785059980535
0.0830887752499009	1.0181434876526847
0.08436877774859285	1.0084406147690224
0.08565376175400208	0.997410361730916
0.08693563356451348	0.9861048027631605
0.088212245721586	0.9753156706473796
0.08964192998880718	0.9654501979076322
0.09107142621052819	0.9567256249858422
0.09237291101149976	0.9492098660844341
0.09366083061109269	0.9427786456448368
0.0949170538122686	0.9372084613082143
0.09618711088890054	0.9323030572432744
0.09747914105149547	0.9279371916377033
0.09875789762752381	0.9240360781703498
0.10002164664821102	0.9205378882927704
0.10129039632833373	0.9173781579943776
0.10256641423765975	0.9144970843646418
0.1038481979664934	0.9118432061787927
0.10513230458216102	0.9093651279455497
0.10641619817263456	0.9070127956719192
0.10785040222706106	0.9047649713532748
0.1092912318147763	0.9026429033105761
0.11057672607580477	0.9006696390827977
0.11185794580496586	0.8988306575335092
0.11313282230762702	0.8970894495721118
0.11440815921387097	0.8954175478806894
0.11568911934733264	0.893801232266789
0.11697088330549195	0.8922355561339956
0.11824472466935777	0.8907185019127883
0.11952139033410857	0.8892482855194253
0.12079939651310843	0.8878235073114098
0.12207499900925317	0.8864429457443201
0.12335301435633378	0.885102872015568
0.12463315377490938	0.8837934329670658
0.12591490842610775	0.8825026553195872
0.12735899929896755	0.8812340102257015
0.12879063492966822	0.8800134484855309
0.13007682229519157	0.878864273429717
0.13135207493095394	0.8777844763352782
0.1326274940867164	0.8767569502873453
0.1339053958727362	0.8757676318173704
0.13517805147595308	0.8748089935571945
0.13645657347895193	0.8738764135223827
0.13773558282997794	0.8729662195906664
0.1390138937790736	0.8720752896493349
0.1402981497848297	0.8712009691251581
0.14157650434174898	0.8703405338217367
0.14285458781705557	0.8694888989634548
0.144124866866253	0.8686355207522569
0.1454067322063469	0.8677675381967562
0.1468462988357087	0.8668836019300914
0.14828581385696557	0.8660002714278314
0.1495665413780549	0.86513418313965
0.1508430180111068	0.8642846153341217
0.15212175881979728	0.8634401584144491
0.15340184676922033	0.8625917274235833
0.15467166916361932	0.8617349164956585
0.15596062924497775	0.8608675780790738
0.15723158491013156	0.8599881010949941
0.15850631996219666	0.8590943112912166
0.1597941462812408	0.8581838734736482
0.16107734658486955	0.8572534001694978
0.16235392474468982	0.8562940675362269
0.16363209579783966	0.8552932818848378
0.16506741341252487	0.8542503116168658
0.16649702155937388	0.8531847858671202
0.16777546208862973	0.8521168697987433
0.1690535719480194	0.8510471956043684
0.17033582263121086	0.8499644362821064
0.171614133088722	0.8488599106887087
0.17289019925740717	0.8477297960353924
0.17416919519440527	0.8465722889293308
0.1754514000946925	0.8453866267234866
0.17672872723660646	0.8441724272944491
0.17800396671267005	0.8429287660210039
0.17928613266848376	0.8416539787143502
0.1805650686144731	0.8403433436060079
0.18183812865400456	0.8389833103353119
0.18311667196401776	0.8375553240614733
0.18456321680841412	0.8360598638414063
0.18600248289674154	0.8345290891985178
0.18728390109776938	0.8329964193911767
0.1885590748641314	0.8314649672600525
0.18982881354983594	0.8299177615485387
0.1911103187626807	0.8283411201779391
0.19238288148257263	0.8267298997073074
0.19365699203420245	0.825082321042816
0.19493986704783595	0.8233975879724491
0.19621655472741095	0.821675935748996
0.19749754294692082	0.8199177173159196
0.19877543631823288	0.8181219445554879
0.20005498583680126	0.8162827503240686
0.20133573923155412	0.8143831127958978
0.20260993157099175	0.8123999941200579
0.20405185134242437	0.8103348722591517
0.20548623089590923	0.8082304884581955
0.20676541059572676	0.8061309422680909
0.2080465325314378	0.8040407076530034
0.20932177718331535	0.8019389092001463
0.21059911186501762	0.7998086915394964
0.21187493093961168	0.7976431707301856
0.21315101335637093	0.795440182055813
0.21443467254875578	0.7931997147551644
0.2157117787721908	0.7909228284476995
0.21699034091020045	0.7886100558006996
0.21827125596125976	0.7862604220829894
0.21955035035957032	0.7838671557207242
0.22082598525166638	0.781408547514238
0.2221050998833393	0.7788547055611532
0.22354192069569281	0.7762078972236399
0.22498448640433516	0.7735243434306021
0.2262618044543066	0.770862196255534
0.22753851400262912	0.7682271259034072
0.22881508267844974	0.7655909434661681
0.23009095632049437	0.7629315929122484
0.23136957860690124	0.7602412975541251
0.2326439164572012	0.7575181992027644
0.23392368994379564	0.7547617198274703
0.23520519190224673	0.7519723977926005
0.23648305753516002	0.749150464285607
0.237766521217365	0.7462890791923307
0.23904011739339223	0.7433633248231934
0.24031778651461486	0.7403381159714952
0.24175725189914085	0.7372162392431654
0.243197580683376	0.73406396471971
0.24447446630813532	0.7309487971639597
0.2457532423538949	0.7278764720431812
0.2470335499884236	0.7248146947484945
0.24831099332369314	0.7217395121861346
0.24958884100444997	0.7186428923433839
0.2508622912430736	0.715522607653377
0.2521429273435256	0.7123777974506462
0.25341980132469616	0.7092085942857658
0.2546968653725895	0.7060150435416592
0.25597815526374723	0.7027959026349236
0.25725970833579503	0.6995431156589219
0.25853561783301554	0.6962296835744097
0.25981589486487366	0.6928183729350574
0.26125539078711796	0.6893141851406068
0.262688716550241	0.685790665707471
0.2639700335902945	0.6823215037604706
0.265247501522541	0.6789130265025839
0.26652730297608473	0.6755298324633663
0.267803180095355	0.6721443348221641
0.2690773513905378	0.668745699331952
0.2703584264170557	0.6653311436265009
0.27163647184568873	0.6619015489545377
0.27291606169862187	0.6584589260212489
0.2741931975729662	0.6550042826396929
0.27547105950030565	0.6515358153449233
0.27675018452487116	0.6480429202968591
0.2780272086044102	0.6444954025230996
0.2793090790832745	0.6408541200079619
0.28074639798305345	0.6371256434475667
0.2821853690811633	0.6333894617084623
0.28346345312689447	0.6297247470704117
0.2847405262938957	0.6261371153099866
0.28601762537225317	0.6225865308193275
0.2872974478357147	0.6190432051338753
0.28857582182478636	0.6154982403739793
0.289851771682537	0.6119507206485688
0.29112842510644493	0.608400178878158
0.29240698330378434	0.6048459914574387
0.29368426874303066	0.6012862946979456
0.29496231105603926	0.5977110936187069
0.29624470857572305	0.5940911656363179
0.2975200842482651	0.5903876814160454
0.2989586506071936	0.5866061702846153
0.3003960928910586	0.5828256139837709
0.301677511411356	0.5791259711860198
0.3029538454460256	0.5755136928544888
0.30423406548148363	0.571949188211734
0.3055128917088879	0.5684026976517327
0.306790003497285	0.5648644305435013
0.30806740006868155	0.5613322782373744
0.3093445589338645	0.5578055806655082
0.3106241286169292	0.5542850385567779
0.3119044978477163	0.5507723735319625
0.31317791725925553	0.5472662481195818
0.3144538624860334	0.5437549792890222
0.3157389372396594	0.5402088528377986
0.3170134531472905	0.5365909856257576
0.3184507903151327	0.5329079479668916
0.3198892775888491	0.5292364698724232
0.32116398492140064	0.525653001070735
0.32244745127881436	0.5221630396952655
0.32372341404473765	0.5187286702441836
0.32500173207745947	0.5153207875405075
0.32627929342055656	0.5119284843408627
0.32755522589572816	0.5085490529231542
0.3288398325769153	0.5051829141158035
0.3301161456353754	0.5018313855304124
0.33139218346174315	0.49849455776965645
0.3326797637965426	0.495171609752156
0.33395465196248647	0.49185540201831046
0.33523189261597197	0.4885186947971088
0.33650712876763816	0.48512331116408514
0.33794730616169344	0.4816738084418569
0.339386257540732	0.47824370333439237
0.3406604334976651	0.4749055515763402
0.34194023139277824	0.47166312777390995
0.3432186271670657	0.46847931034018153
0.3444988392413617	0.46532689607498556
0.3457740710752034	0.4621966501305175
0.347056320421777	0.4590868793109405
0.3483334673795989	0.45599815099322394
0.3496133952401935	0.4529314934985448
0.3508909910066995	0.44988719008195416
0.3521669572154822	0.4468630725545535
0.35344641279583033	0.4438498390613158
0.35472619226910895	0.4408231797152945
0.35600570213750743	0.4377518079842617
0.35743780376608797	0.43464073560440886
0.35887899387305255	0.4315541262697523
0.36015553794326355	0.4285563705257601
0.36143720185316613	0.425651996579538
0.36271299633613785	0.4228079151501208
0.36399145778101755	0.41999869337695805
0.3652749582787176	0.41721613344277964
0.366548391534347	0.4144593040780961
0.36782796525153877	0.4117277985459762
0.3691077968582096	0.4090214719636076
0.37038638404322366	0.40633934497693325
0.37165819662524796	0.4036734518341044
0.3729459200015473	0.4010018556337927
0.37421914257829014	0.3982968021728571
0.375652920117216	0.395562151832044
0.3770945858411063	0.39285410857841563
0.3783777620768605	0.390230249341074
0.3796498936185973	0.3876950133915198
0.3809322107596629	0.3852189368921276
0.38221026670112673	0.3827798085821875
0.3834843850861156	0.38036964162719417
0.3847613706383738	0.377985724492368
0.3860431754060438	0.3756273225423618
0.38732005965208066	0.3732950826464784
0.38860058022119337	0.3709896087304528
0.3898793713766387	0.3687099526632989
0.39115597517077133	0.3664496196586688
0.3924387739738551	0.3641901961190514
0.39371397631780275	0.3619080087667103
0.3951534802998641	0.3596071272574384
0.39659113536388335	0.3573357413639062
0.3978665129069657	0.3551409262062355
0.39914687802474663	0.35302445345946337
0.4004222446742349	0.3509610238140987
0.4017056017575971	0.3489321763773586
0.402981792374445	0.3469319351058387
0.4042581923460389	0.3449590167698895
0.4055410551299199	0.34301321139043495
0.40681564622565797	0.3410946934130851
0.40809248047272917	0.3392029851088024
0.40937201947859914	0.3373365479567952
0.41064976389745983	0.33549009103317196
0.41192666689629476	0.3336484233849519
0.41320399652410983	0.33179178446253227
0.41464922189327763	0.3299238375625293
0.4160806704111759	0.328084226188165
0.4173604421927679	0.32631104174957143
0.418644299374989	0.3246060080938331
0.41991457421484024	0.3229487309907725
0.42119467757031565	0.32132323791472545
0.42247846717785487	0.31972406071851944
0.4237494095488713	0.3181503845953165
0.4250322814754899	0.316601734360579
0.42631043335746654	0.315077773024911
0.4275887161078986	0.3135777726897497
0.42886752579054044	0.3120975586558088
0.430147915320919	0.310625275972656
0.43142323161465806	0.30914555323255455
0.43286303448840874	0.3076608186089122
0.434297966606149	0.30620180099932676
0.4355767472998174	0.3047984803546413
0.43685619411970084	0.3034519346920274
0.4381323174575556	0.3021458537278531
0.4394141538776198	0.30086802890463393
0.4406897717526576	0.2996141697824396
0.44196916507857203	0.29838324008465383
0.44324773767429704	0.2971750306000295
0.4445271499494361	0.29598960414599745
0.4458013703625856	0.29482663600172065
0.44707966822460943	0.2936847437183372
0.44835614049324884	0.2925601150727195
0.44963966319384213	0.29144383050757544
0.4509171101845716	0.2903247998008576
0.4523542622498999	0.28920512856573427
0.45379113806074856	0.2881078331204319
0.45507281106412495	0.2870554638918586
0.4563485247703944	0.2860488345880444
0.4576267126410762	0.28507530087590677
0.45890419350679146	0.2841251809338096
0.4601859920494205	0.28319517312471904
0.4614644545816557	0.2822848311872135
0.4627404424337833	0.28139400827892447
0.4640206694373771	0.28052227752974673
0.4652950948933703	0.27966907498597016
0.46657567623667184	0.2788335763705043
0.46785579525002613	0.2780134584400848
0.46913231186152915	0.2772023075550252
0.47041119721739855	0.27639164049698295
0.4718487613745273	0.27558266419556476
0.4732848752100012	0.27479194669609475
0.4745659195880361	0.27403568683509466
0.4758465528475364	0.27331453492533925
0.4771217710869314	0.27261956821525063
0.4783984623068771	0.27194375905990464
0.4796794714923389	0.27128438074477507
0.4809528245227156	0.27064065747171473
0.4822331715488241	0.27001228382193876
0.4835157018902001	0.26939924111077795
0.4847870550936196	0.26880136747656264
0.4860642482926291	0.26821781843638515
0.487348618849176	0.2676466349448158
0.48862179397398636	0.267083325879031
0.48990508823568063	0.266522127803865
0.49134121181395357	0.26596404573648713
0.49278082686709046	0.26542075724126046
0.49406034657708925	0.26490350983399735
0.4953302279645831	0.2644122560158751
0.49660485794354825	0.26394003476166833
0.4978879597303396	0.26348169861399084
0.499166984695854	0.26303566573976495
0.5004486219152335	0.26260180509511294
0.5017273068005577	0.26218007391403525
0.5030050118649521	0.2617702103011196
0.5042833054835145	0.2613716529651143
0.5055624394961552	0.26098303526796085
0.5068416655749322	0.2606011708167399
0.5081208577946422	0.26022215787339786
0.509563487134339	0.25984672627564315
0.510994191251903	0.2594825557996504
0.5122765174707672	0.25913685937694286
0.5135550242652608	0.25880960106318746
0.5148316723030547	0.2584964913269708
0.5161107805505957	0.2581942325023126
0.5173851245416573	0.25790144466088877
0.5186658607512765	0.25761764500334744
0.5199480294508472	0.25734270706018847
0.5212241453638708	0.2570765832027105
0.5225024884643004	0.2568190921793576
0.523781108375067	0.2565698671424486
0.5250562928475572	0.2563280291149374
0.526336409290623	0.25609154747894913
0.5276130908519737	0.2558579531343962
0.5290527353556741	0.2556276181241938
0.5304878727141812	0.2554052038194111
0.5317670650878575	0.2551951127653019
0.5330466648338391	0.2549972625792956
0.5343236380098068	0.25480893007309396
0.5356012292000244	0.25462803257319483
0.5368826470383238	0.25445375996945246
0.5381621297155615	0.2542858873748803
0.5394368355412312	0.25412426575797087
0.540717472250059	0.2539687002497964
0.5419938003075668	0.2538189893413515
0.5432704980058244	0.25367488194149845
0.5445524221911539	0.2535358793432016
0.5458305091140316	0.25340087108726894
0.5471052416648979	0.2532684383202391
0.5485446984149435	0.2531387066973039
0.5499848044517225	0.2530142610591205
0.5512627077732428	0.25289755980683826
0.5525388916039641	0.2527884794238923
0.5538207457605072	0.2526854184064237
0.5551010280483744	0.2525872213132055
0.5563773883358679	0.2524934401873703
0.5576541376115698	0.2524038566110596
0.5589269138432661	0.25231826182359157
0.5602086509219287	0.25223649132757
0.5614922135431792	0.25215846429970495
0.562763918066084	0.2520840739846711
0.5640431503847428	0.2520130205600962
0.5653269945814569	0.2519447002475818
0.5665984651159542	0.25187840165401804
0.5680340297301956	0.2518141559619236
0.5694748071912767	0.2517531699393894
0.5707549393948447	0.2516966039754175
0.5720339024506027	0.25164437931713746
0.573313235916763	0.25159568850977754
0.5745940906956591	0.25154991772995006
0.5758670863173982	0.2515067836609527
0.5771437343562459	0.2514661278185122
0.5784253468123737	0.25142784049910094
0.5797066093170615	0.25139185096119715
0.5809811083976794	0.25135807593752424
0.5822597455359476	0.2513263549582985
0.5835421884568085	0.25129639995583525
0.5848130204818129	0.2512678828535211
0.5862561079193774	0.2512408057390262
0.5876929858369014	0.2512156619967171
0.5889725044554672	0.25119289381768445
0.5902481996132211	0.25117240935659735
0.5915323861361353	0.25115382605364617
0.5928053636537005	0.2511368540920083
0.5940842991615776	0.25112134820708387
0.5953662095567086	0.25110722801496743
0.5966419779744438	0.2510944313026479
0.5979189591810926	0.2510828961921577
0.599204124310634	0.25107256384799403
0.6004784794642768	0.2510633794735722
0.6017597681135983	0.2510552766439272
0.6030287584493282	0.2510481627091222
0.6043112652987308	0.25104194385134565
0.6057474988669718	0.2510365991233416
0.6071859931088724	0.25103219327651005
0.6084664557312047	0.2510287643441107
0.6097481146842108	0.25102624673363994
0.6110226838134301	0.2510245280279841
0.6122994279776166	0.25102351986163574
0.6135809742629065	0.25102316537296315
0.6148560508386298	0.2510234217602345
0.6161374268148051	0.2510242501032381
0.6174133727624365	0.25102561298273013
0.6186915897787201	0.2510274750590379
0.6199669853549884	0.2510298048230231
0.6212499401272288	0.251032581314493
0.6225283771259356	0.25103580830769034
0.6238027600456759	0.2510395065015595
0.6252433461665269	0.2510436491860773
0.626680108151755	0.25104812023128636
0.6279605214387968	0.2510527933099995
0.6292385645418423	0.2510576248077118
0.6305125246381593	0.251062631443516
0.6317908318113078	0.2510678255946474
0.6330733920547476	0.25107319625078256
0.6343503556923057	0.25107872090980204
0.6356288548149339	0.251084377079292
0.6369073024981016	0.25109014607955404
0.6381804739169535	0.25109601526050807
0.6394642056518087	0.2511019856069662
0.6407460788178292	0.2511080885187881
0.6420189346270098	0.2511143743484321
0.6434543714930641	0.2511208220325762
0.6448963462776672	0.25112728329147127
0.6461777907146418	0.2511336044767547
0.6474507962668982	0.25113976014036526
0.6487305950381592	0.25114580886812066
0.6500092545602087	0.2511517934675995
0.6512882080663406	0.2511577199435335
0.6525692232047405	0.25116357921321786
0.6538422071563477	0.2511693620659791
0.6551229956540815	0.251175061786819
0.6564007120832352	0.251180670741102
0.657683055637033	0.251186181494207
0.6589574088821131	0.2511915997830472
0.6602352597354894	0.25119696216364895
0.6615142558222864	0.25120231811815913
0.6629503390930973	0.2512076510318087
0.664391139168109	0.2512128422413494
0.6656695671722354	0.2512177771455786
0.6669464479094057	0.2512224475022653
0.6682247735204176	0.2512269089697252
0.6695040062935417	0.25123120111243924
0.6707855095699702	0.25123533400620934
0.6720514565217002	0.25123930895880164
0.6733330923932253	0.2512431280226426
0.6746123719537661	0.25124679067271877
0.6758917723772139	0.25125029362603724
0.6771701053908591	0.2512536354307392
0.6784513445236893	0.25125682166072516
0.6797299977040492	0.25125987187603377
0.6810061705667234	0.25126281199989836
0.6824396140698812	0.2512656350910155
0.6838808715187441	0.2512682829333684
0.6851599523665223	0.25127070090247633
0.6864388148947331	0.2512728895944794
0.6877174912517865	0.251274881935817
0.6889934432280768	0.2512767026688962
0.6902771550587102	0.2512783610669921
0.6915523603324369	0.2512798594335721
0.6928304304167913	0.25128119097371965
0.6941121274967671	0.25128223128889016
0.6953839958639074	0.25128189442460686
0.6966662344306022	0.25127491892340575
0.6979379029498701	0.2512482645362067
0.6992212449607262	0.2511909108720815
