X	Y
0.05064647755061126	0.19373254808246734
0.052096616466442376	0.19219308369634902
0.05336719393277611	0.19149467852333207
0.05464509830126533	0.19132491203590354
0.05592600604468683	0.19132217723840017
0.05720444921367011	0.19134195340949375
0.05847669285956272	0.19135469275501102
0.059763774017637626	0.19135715148061025
0.06103337941675828	0.19134971060011524
0.06231279494768942	0.1913327533141746
0.06360362762208364	0.19130618787438508
0.06488038504375648	0.19127064931104096
0.06614536041006258	0.19122573505739499
0.06741784483750121	0.1911700117384061
0.0687043076139671	0.19110311963033222
0.07015562553028774	0.19102420258226618
0.07159330527830865	0.1909343781750562
0.07285071782234599	0.19083585580118018
0.07412822604746813	0.19072802237057584
0.07541727340457795	0.19060904170378165
0.07670813180079492	0.19047765782459822
0.07797920302051095	0.1903327184664188
0.07925898449668249	0.19017263539732343
0.08051190574785014	0.18999492692020667
0.0817779891635713	0.189795858965575
0.08307433130119758	0.18957101987734792
0.08436470840741418	0.18931552881143618
0.08565232788585826	0.18902187406267723
0.08692653757581316	0.18867576101002453
0.08819466324369249	0.18825377896337606
0.08960850100366446	0.18772625785624295
0.09104562051516922	0.1870533554194487
0.09232652757011521	0.18614859389081012
0.09360300291474587	0.18480288652673074
0.0948818444656173	0.1826712127253244
0.0961744842534684	0.1796858297964783
0.09747319980478103	0.1769148503249104
0.098771170937521	0.17635520591706647
0.10005983369401127	0.1788145979902597
0.10133537550634879	0.18279505684644556
0.10260822722287744	0.18631077334973628
0.10388245362780937	0.18866858608641437
0.10515818075085485	0.1901638770836699
0.10643642210138077	0.1911961188068478
0.10787228271680258	0.1919787523134315
0.10929562106162952	0.19259807293164222
0.11057476836904823	0.1930947896921034
0.1118590760689321	0.19350091335446645
0.11313340992220669	0.19384311483481276
0.1144096100148706	0.19413914425295659
0.11569202496498451	0.19439948709435964
0.11697242490510859	0.1946307059449132
0.1182459101158022	0.19483755612552636
0.11952025436103847	0.19502390799617164
0.12079231246006254	0.19519297777008154
0.12206975626178107	0.19534741224005436
0.12334681599044507	0.19548955907016333
0.1246315432697581	0.19562187818220533
0.12591390439922137	0.19574668322466784
0.12736093110258234	0.19586463968532292
0.12879496149581227	0.19597422831825304
0.1300799276804191	0.19607410863101524
0.1313520161217277	0.19616513984755765
0.13262940801041911	0.19624934712089784
0.13390823774530405	0.19632826503002332
0.13518042115013792	0.196402706672833
0.13645735610564946	0.1964731736255239
0.13773538043339392	0.19654006546844505
0.1390093144133776	0.19660371944546173
0.1402939668749353	0.1966644077765365
0.1415737819681986	0.19672236027493253
0.14284788867497744	0.19677792289437973
0.1441205144301101	0.19683174561201364
0.1454036136100958	0.1968845691166016
0.14683930423654473	0.19693644485195416
0.1482769596553673	0.19698643115501377
0.14956035306963603	0.1970336255781064
0.15083783740217857	0.19707811545272452
0.15211645273996713	0.1971205733218513
0.15339687939200455	0.19716152150601202
0.15466669464228597	0.1972012029516772
0.15595459033458223	0.19723972549165472
0.15722469000544495	0.1972771557261853
0.1584989029781279	0.19731357126983373
0.15978136139542362	0.1973490580202411
0.1610577568918916	0.19738374204295178
0.16233266052848577	0.19741792067881714
0.16360825779726434	0.1974520010875772
0.1650357920989565	0.19748600606155936
0.16648546301262174	0.1975192909469306
0.1677749322697721	0.19755116479459015
0.169062016171391	0.1975815616751609
0.17034713895669562	0.1976108273740105
0.17163066725144943	0.19763923834598887
0.1729077913825601	0.1976669079610943
0.17418476346968026	0.19769388147352918
0.17546510368550977	0.19772017969836186
0.17673779574381174	0.19774581510801023
0.17800959388239496	0.19777081202160626
0.17928702498943447	0.19779520787053795
0.1805638386028255	0.19781907499456178
0.18184075384896595	0.19784259217308736
0.18311843418353513	0.19786598860407945
0.1845543455702592	0.19788921082275684
0.1859922527644344	0.19791176498801183
0.18726650560566388	0.19793318022198625
0.18854046069385974	0.19795345384342075
0.1898127274212695	0.19797286257108485
0.19109641832493737	0.19799160955915104
0.19237307737701648	0.19800976307454624
0.19365306015875394	0.19802734025233854
0.1949426434995783	0.1980443457167049
0.19622400654329245	0.19806077436186195
0.1975079086906437	0.19807661615281635
0.19878580132324847	0.19809185780548305
0.20006700474467698	0.19810650412782593
0.20134561989578512	0.19812062993280796
0.20261953121555318	0.19813435508273924
0.20406324455565192	0.19814765323398711
0.20549415304236843	0.1981602634242148
0.20676998546316003	0.19817195300848064
0.2080513696220852	0.1981827504666099
0.20932400048279298	0.19819282840719918
0.21060387670585587	0.19820231717187067
0.21188068848665062	0.19821127479757852
0.2131570408393302	0.1982197291483763
0.21443374741038407	0.19822770189500677
0.21571767145142684	0.19823521017033047
0.21699348706325222	0.19824226765258507
0.21827382335508083	0.19824889099064433
0.21955289671346281	0.19825510898047122
0.22082954822308154	0.1982609757799872
0.22210741608808748	0.19826655414370356
0.22354745642327936	0.19827183998462936
0.22498449069616616	0.19827673326813203
0.22626129988754964	0.19828114571201277
0.22753959964564716	0.1982850931526489
0.22881671077422627	0.19828864796374068
0.23009062432849364	0.19829186461535583
0.23137130679219994	0.1982947683246079
0.2326460734157017	0.19829737146716925
0.23392374824153017	0.1982996836760593
0.23520451697498002	0.1983017137768999
0.23648471713020652	0.19830346954487799
0.2377678091512267	0.1983049592670788
0.23904226702862266	0.19830619404704175
0.24031685369365918	0.19830718465991562
0.24176177525930678	0.19830793171143551
0.24319914531536732	0.19830842612355426
0.24447159806464977	0.19830866616420081
0.24575517498305505	0.19830866531121694
0.2470313926176797	0.19830844148807872
0.24830775993707563	0.19830800764294335
0.24958667099781323	0.19830737207148166
0.25086241456972536	0.19830654124805702
0.2521416027972432	0.19830552107148092
0.2534189491811748	0.19830431708476398
0.2546967268439002	0.198302934554673
0.25598094843950014	0.19830137800202072
0.2572582966777927	0.19829964662508903
0.2585381228243475	0.19829772563516518
0.2598171807093399	0.19829559198841848
0.26125664473248145	0.19829325057230462
0.26269156499231805	0.19829075549369343
0.26397226069450974	0.19828816505974364
0.26524522194527406	0.1982854917837489
0.2665267447618871	0.19828271726339983
0.2678020505182333	0.1982798271679099
0.269074427472288	0.1982768179387355
0.2703586811296753	0.1982736913707624
0.2716345182003982	0.19827045253691283
0.27291829786270705	0.1982671077789291
0.2741917173772973	0.1982636620683108
0.2754708962003199	0.19826011633631505
0.2767482529582394	0.19825646091837448
0.27802509058213176	0.19825266402641706
0.2793099981145155	0.1982486840756324
0.280745761106126	0.198244530591456
0.28218310273228336	0.19824029478846875
0.2834626624852193	0.198236068679893
0.2847373304175526	0.1982318625571648
0.28601767030700953	0.19822763560867301
0.28729980856259046	0.19822335880822797
0.2885742763887907	0.19821902502292293
0.28985133443713096	0.19821463426923788
0.29113347475293017	0.1982101884456929
0.2924071918017752	0.19820569054920886
0.29368954851598017	0.1982011407686201
0.29496333923160944	0.19819652723250197
0.29624602449214504	0.19819181197386232
0.29752482640705474	0.1981869448049463
0.2989579177835256	0.19818193437017825
0.30039674552155604	0.19817688620967117
0.30167809311781696	0.1981719083725348
0.3029524418295905	0.19816701219547292
0.3042347917853817	0.19816214753979544
0.3055133065041311	0.19815727706013012
0.30678841752952996	0.19815238914013322
0.30806836540659244	0.19814748248524308
0.30934698937670646	0.1981425588275002
0.31062177365078036	0.1981376203884561
0.3119037135551728	0.19813266898983586
0.3131793059814963	0.19812770380967212
0.31445469000922227	0.1981227109471972
0.31573904633136746	0.19811764919244054
0.317013930286923	0.19811246519174683
0.31844970994262844	0.1981071682781143
0.3198925505781312	0.1981018706563922
0.3211643988309114	0.1980966850348275
0.3224470387204913	0.19809162049758094
0.3237249529709296	0.19808662284014114
0.3250008206554081	0.1980816509718873
0.32627978707627636	0.19807669006078124
0.32755541395284926	0.19807173759426175
0.32884148538818725	0.1980667956674946
0.33011302892066435	0.19806186589859318
0.33139167123183233	0.19805694739234347
0.3326824997833971	0.19805204016242203
0.33395489522239924	0.1980471360047611
0.3352355195906477	0.19804219612517374
0.3365107953646373	0.1980371654460832
0.3379495500689945	0.1980320515174061
0.33938672606355336	0.19802696252957952
0.3406614256556331	0.19802200540577927
0.34194216742681827	0.1980171864541455
0.3432189762993295	0.19801245140275964
0.34449942177321236	0.1980077606187937
0.34578042657659763	0.19800310256187448
0.34705563020495633	0.19799847630155562
0.3483340442877599	0.19799388151734243
0.3496152427951051	0.1979893187262552
0.35089040709532554	0.19798478934245042
0.35217183893141446	0.19798029167674172
0.3534437825046759	0.19797581235743605
0.3547292146984254	0.19797131516616917
0.356007744690515	0.19796675511693995
0.35743927449054863	0.19796214136312681
0.35887775297126956	0.19795756870737907
0.36015455220147075	0.19795313119660274
0.36143523285144513	0.19794883516874656
0.36271446962324577	0.19794463268594706
0.36398979576247215	0.19794048713855403
0.3652745869166796	0.19793638670507918
0.3665505558345798	0.19793233084864786
0.36782747394941506	0.1979283196747136
0.3691050020058738	0.1979243523150333
0.37038947897671837	0.19792042747967015
0.37165694826345796	0.19791653494980596
0.37294483179471044	0.19791264284062238
0.37421675530141646	0.19790871017016567
0.37565501988906214	0.19790474363233732
0.37709468095064447	0.1979008263450881
0.3783750619267268	0.1978970413124762
0.37965090771589244	0.19789339383143406
0.3809323256252512	0.1978898416848732
0.3822128420194001	0.19788635360498863
0.3834827695908411	0.1978829180625206
0.3847662585198217	0.1978795316763097
0.38604643922885407	0.1978761950639884
0.38731931527670854	0.1978729098082307
0.38860237359264943	0.19786967581594267
0.3898729818507546	0.1978664906228311
0.3911561942106536	0.1978633449667463
0.3924337013030143	0.1978602140663083
0.3937088197300846	0.19785706562591038
0.39515173957119876	0.1978539055243688
0.3965884052751759	0.19785080086005774
0.39786759032997665	0.19784781719772165
0.3991478648040596	0.1978449578454395
0.400423362330428	0.19784218844410348
0.40170283756314573	0.19783948283049652
0.4029803723132647	0.19783683164920476
0.40425641003156115	0.19783423302515857
0.40554047366920304	0.19783168733891096
0.40681391544247847	0.1978291951014359
0.40809009921243233	0.1978267552905396
0.4093723897057843	0.19782436593639552
0.41065200587753686	0.19782202172712038
0.41192976211712407	0.19781970565056994
0.4132049800497918	0.19781739404449253
0.4146438344694651	0.19781509071918274
0.4160813277832739	0.19781284377997535
0.41735695839604975	0.19781070001469958
0.4186404599261007	0.197808661002578
0.4199104013322352	0.19780670099366235
0.4211952697567443	0.19780480074166132
0.4224765542919481	0.1978029543397053
0.42374879967258294	0.19780116086634464
0.42503079774441965	0.19779941946465537
0.4263119386776356	0.19779773003308176
0.42759096804500674	0.19779609260971112
0.42886619488103017	0.19779450299905796
0.43014241014786136	0.19779294832911756
0.4314244948390834	0.19779141301639333
0.4328608853383853	0.19778990078759628
0.4342974742049509	0.19778844351279956
0.4355774444309949	0.19778707107011437
0.436854716580297	0.19778578366968078
0.4381326461416638	0.1977845641770214
0.4394141703200416	0.19778340009242068
0.44069176030016305	0.19778228725406627
0.4419690536059928	0.19778122473466597
0.44324893526265013	0.19778021209703445
0.44452358407335185	0.19777924894699322
0.44580409883358973	0.1977783348506782
0.44707953959840324	0.19777746905775742
0.4483582058520552	0.1977766492741288
0.4496374579073063	0.19777586989670048
0.4509172434601275	0.1977751243890857
0.4523557100023086	0.19777441507745827
0.45379437233213576	0.19777375685421372
0.4550685969405307	0.19777316279698964
0.45634696146329057	0.1977726318076888
0.4576248789236825	0.19777215521496802
0.4589071953137013	0.19777172695357037
0.4601803877634574	0.1977713448253293
0.4614644536429554	0.1977710081395721
0.46274163438716676	0.19777071657426964
0.46402017782389954	0.19777046983207588
0.4652967485611921	0.1977702675144744
0.466575418265269	0.19777010921516244
0.4678519397911589	0.19776999470935078
0.46913670893414794	0.19776992425553996
0.4704122865015733	0.19776989876443932
0.4718461658975519	0.19776991906392058
0.47328503376653536	0.19776998454267394
0.4745660798820156	0.19777009319879685
0.4758468677731676	0.1977702432561044
0.4771231947853557	0.1977704339503393
0.4783995917890094	0.19777066502500423
0.479678862134372	0.1977709362130212
0.48095716831328744	0.1977712471312839
0.48223283248187815	0.19777159733769492
0.48351502851938577	0.1977719863428957
0.48478873327688893	0.1977724138204439
0.48606189159902435	0.19777288007736873
0.4873473131224645	0.1977733868695135
0.48862674658859384	0.19777393921965292
0.4899049069102862	0.19777454428477337
0.49134103109218136	0.19777520173694732
0.49278033274090505	0.19777589746283822
0.4940598760507707	0.19777661597733415
0.4953298993805117	0.19777735506158128
0.4966025173283054	0.1977781218319097
0.49789029136856744	0.19777892169703945
0.4991662940671732	0.19777975568496586
0.500447643335767	0.1977806231692713
0.5017290468979028	0.1977815234110156
0.503004706649005	0.19778245585552595
0.5042854414763069	0.19778342084627829
0.5055599806876808	0.19778442192589382
0.506837139753039	0.19778546916818054
0.5081256113166811	0.197786574974874
0.5095659566736246	0.1977877368186559
0.5109956994931497	0.19778892967147238
0.5122771640079752	0.19779012881931232
0.5135542638620954	0.19779133183266445
0.5148341097427894	0.19779255002792087
0.5161121747987276	0.19779379204642175
0.5173860183714594	0.19779506101836578
0.5186660130973564	0.19779635766981996
0.5199454389915448	0.19779768164972283
0.5212226366631451	0.1977990321955807
0.5225018463293385	0.19780040879226718
0.5237799230635549	0.19780181189336374
0.5250558021270607	0.197803245738253
0.526338612851818	0.19780472318435866
0.5276102438130981	0.19780626161443565
0.5290525975637366	0.19780785935438921
0.5304897849943749	0.1978094825726133
0.5317675498882901	0.19781109631458788
0.5330488931824946	0.19781269666934748
0.5343238399475432	0.1978142998630431
0.5355973635429152	0.19781591942489227
0.5368778803310289	0.19781756068748405
0.5381583285442731	0.1978192240700731
0.5394377225391203	0.19782090806997418
0.5407195800010133	0.19782261110949706
0.5419923512778807	0.19782433311695594
0.5432665969584217	0.19782607642521643
0.5445528333519266	0.197827846638602
0.5458359482402135	0.19782965767841465
0.5471019302075928	0.1978315297174851
0.5485473224916756	0.1978334611461631
0.5499880674584083	0.19783541084960174
0.5512600964599063	0.19783733685502564
0.5525364646848001	0.19783923666329817
0.5538178517032877	0.19784113136468798
0.5550976595503426	0.19784303560363622
0.5563749214265707	0.197844953315039
0.5576543353988621	0.19784688494482514
0.5589272941738198	0.19784883126985647
0.5602065138338937	0.19785079327963942
0.5614906035080258	0.1978527705338593
0.5627691403441554	0.19785476220370132
0.564046938506968	0.19785677290930728
0.5653253178943052	0.19785881995021035
0.5666007512825223	0.19786092724866985
0.5680327139582566	0.19786309350948447
0.5694758117335389	0.19786527430857775
0.5707549967784105	0.19786742296571988
0.5720357038506346	0.19786953421326908
0.5733148459528188	0.19787162964605934
0.5745924391436402	0.1978737264077272
0.5758673232216346	0.197875831182915
0.5771463824047177	0.19787794576262893
0.5784269935049828	0.19788006986218135
0.5797030532860729	0.19788220299454082
0.5809795866977882	0.19788434662047155
0.5822628477559217	0.19788650723125706
0.5835412705402159	0.19788870259723199
0.5848192951300875	0.1978909564830311
0.5862593097971233	0.19789326526114137
0.5876943028910804	0.19789558046909886
0.5889712904936717	0.19789785410790878
0.590249691358417	0.1979000832970977
0.5915296319465901	0.19790229224323547
0.5928087388173383	0.19790449866504636
0.5940853645888534	0.1979067083182532
0.5953648786783162	0.1979089221906375
0.5966413020384078	0.197911140507059
0.5979173580609428	0.19791336362665923
0.5991997003561755	0.19791559148650442
0.6004764941900127	0.19791782449351214
0.6017535678655239	0.19792006907849222
0.6030323165338625	0.19792234495298516
0.6043123668423417	0.1979246773574973
0.6057505424793497	0.19792706220140605
0.6071875432406557	0.1979294493851574
0.6084634750613384	0.19793178930733318
0.6097494883665356	0.19793407812694652
0.6110222668884963	0.1979363402861969
0.6123022543622202	0.19793859500373331
0.6135807780803051	0.1979408491388674
0.6148576997820244	0.19794310353313074
0.6161383110114211	0.1979453577159528
0.6174104923477802	0.1979476116835101
0.6186913202433093	0.19794986619675156
0.6199662116493367	0.19795212298745274
0.6212475869295174	0.19795438862204437
0.6225258725654101	0.19795668187954554
0.6238052536972493	0.19795902765849133
0.625243166002961	0.19796142223946991
0.6266824062766895	0.19796381515795658
0.6279615443414941	0.19796615580711338
0.6292380306108661	0.19796844050207027
0.6305177632087924	0.19797069468409187
0.6317939220403643	0.19797293792965062
0.6330689551701496	0.19797517770116846
0.6343502244379967	0.19797741589390747
0.6356277609475068	0.19797965215366967
0.6369099682664453	0.19798188549293344
0.6381852671336268	0.19798411672169736
0.6394633437843548	0.1979863529069789
0.6407463427518685	0.19798861294659603
0.6420245344595322	0.19799092072327099
0.6434592269160943	0.19799327244914475
0.6448985612629614	0.1979956195505905
0.646174818374337	0.19799791332354458
0.6474563360272827	0.19800015032015056
0.648731789845657	0.19800235523775242
0.6500123186939163	0.19800454684708796
0.65128897559457	0.19800673150196513
0.6525667261545335	0.19800891057202263
0.6538424963483769	0.19801108476189297
0.6551233729693287	0.1980132542432193
0.6564023431609721	0.19801541839216621
0.6576797989198279	0.1980175776332046
0.6589577880790698	0.19801973829372171
0.6602351884250297	0.19802191913822476
0.661513527630801	0.19802414444084732
0.662953193048111	0.1980264105934656
0.6643894594359104	0.19802866980109454
0.6656679476706727	0.19803087457132576
0.666949991421759	0.19803302138641796
0.668222378503302	0.1980351341072982
0.669501597072576	0.19803723103557397
0.6707833511116025	0.19803931843744915
0.6720448943953932	0.19804139895106565
0.673331264696137	0.19804347478043496
0.6746169945663314	0.1980455449754002
0.675889295587858	0.1980476074578777
0.6771682825266382	0.19804966335632782
0.678452300265055	0.19805171898665536
0.6797293851596291	0.19805379082229507
0.6810070967642534	0.19805590120972327
0.6824440047017248	0.19805804749771838
0.6838824883639135	0.1980601850734117
0.6851612985748897	0.19806226886798411
0.6864393422897395	0.19806429590900698
0.6877126357180932	0.19806628991638936
0.6889959305832726	0.19806826886126597
0.6902749292875736	0.19807023802625395
0.6915524518928757	0.19807219811221963
0.6928272780397418	0.19807415686981647
0.6941121969084436	0.19807622155732144
0.6953847990480606	0.19807931208594062
0.6966688737396821	0.19808787567451203
0.697943995994193	0.19811290473986826
0.6992244531893298	0.19816357880325014
