X	Y
0.05065389923470062	0.127038311958573
0.052078707295662094	0.1269856215767385
0.05335514611259476	0.12704302021079508
0.054625021885175665	0.12714789915725427
0.05591731785386319	0.12724694946149734
0.05718424589936479	0.12732217749503008
0.058480351465580206	0.12737171256017493
0.059773459567721	0.12739687949208162
0.0610400661549026	0.12739919239031466
0.06232348719037137	0.1273801218882977
0.06362977777323355	0.12734123492508156
0.0649167821275717	0.12728416042138327
0.06616512678686765	0.12720989341992975
0.06738380698593309	0.12711785940832498
0.06866781525549241	0.1270065308400415
0.0700943633299561	0.12687608275448917
0.07153791063553004	0.12672965924978336
0.07280939992546613	0.12657082784969015
0.07414961876602638	0.12640128427747716
0.07544142182528904	0.12622165708118693
0.07671133417479288	0.12603224940703006
0.0779738933380073	0.12583277926778513
0.07925140544807743	0.1256226735013051
0.08051981703715078	0.12540161096943492
0.0818122800750784	0.12516996045797493
0.08311704296087111	0.12492896170927985
0.08437749236787928	0.12467976903909078
0.08564799886330024	0.12442206099456989
0.08691703588187219	0.12415353772316776
0.08818704650192459	0.12387052525947242
0.08955591579660235	0.12357091097995505
0.09100127904434699	0.12325791629935456
0.09238678327789664	0.12293914621688591
0.09372188460721635	0.12262086597952634
0.09496143175223895	0.12230390087892934
0.09622077025983944	0.12198493085228342
0.09749049706674781	0.12166067309532273
0.09875166696905453	0.12132984970197798
0.10002354254757856	0.12099229614595727
0.1012901971017524	0.12064792402794308
0.10256344191697593	0.1202963789576727
0.1038453284136605	0.1199367298341129
0.10513258136615206	0.11956651224041831
0.10640875277294619	0.1191820801569373
0.10783069942489353	0.11878348854399506
0.10927357984093294	0.11837809026232637
0.11056653127317798	0.11797437998164087
0.11186353177274981	0.11757438583556563
0.11313877726228667	0.1171751445674084
0.11441369296126248	0.11677352818625679
0.11569165841188282	0.11636794096823672
0.11697072267097175	0.11595797867570468
0.11824430741058077	0.11554367275283209
0.11952133286639353	0.11512498083676556
0.12079812930911282	0.11470168815115057
0.1220732054699436	0.11427329033778655
0.1233590498187807	0.11383844523882744
0.12464522652650158	0.11339381470259945
0.1259252999212396	0.11293501252142918
0.12736577575316965	0.11246293926212832
0.1287936909506196	0.11198727486610847
0.13008064246790285	0.11151780969329621
0.13135366970840626	0.11105551393458982
0.13263016560474278	0.11059565250175353
0.1339050926880273	0.11013436983188371
0.13517362354544915	0.1096700053071194
0.1364531258726656	0.10920194239147943
0.1377311774007525	0.10873011393475823
0.13900908414198282	0.10825475320254709
0.14029170846579514	0.1077762175026339
0.1415713288659767	0.10729472835267123
0.14284786826827858	0.10680906796904296
0.1441179864731614	0.10631466697649782
0.1454008636629758	0.10580534059795399
0.14683334342688759	0.10528149424493367
0.14828340313065927	0.10475435547996288
0.14956344993323875	0.10423564020864726
0.15084040774617877	0.10372669869336754
0.15212107346962164	0.10322220886124842
0.15339631303153167	0.10271810469890982
0.1546647100838126	0.1022129711625191
0.15594364047909692	0.10170612896237356
0.1572003010830226	0.10119597404912911
0.15847026725635815	0.10068009212051339
0.15979125521366266	0.10015808086780634
0.16110709858845554	0.09963203251342853
0.16237917821837725	0.09910106228768635
0.16364373761648005	0.09855934858058206
0.16508213079312586	0.09800576780142523
0.1665068792349988	0.09745058161384071
0.16778362986412312	0.0969048868463035
0.16905784589998202	0.09636937259103656
0.1703370821631443	0.09583832330884973
0.17161427066024224	0.09530754757599783
0.17289103019231655	0.09477568423573883
0.17416886159460948	0.09424254064532447
0.17544828055800102	0.0937082747641545
0.17672393600841627	0.09317312576697845
0.1779997149274469	0.09263722687334183
0.1792759521153485	0.09210038580079806
0.18054986104298348	0.0915607453274937
0.1818156453637555	0.09101236188390995
0.18309244453492254	0.09044737707733351
0.1845606949116103	0.08986683883099339
0.1860260534523758	0.08928582490006823
0.1872997225950598	0.08871923601948088
0.18856351135366506	0.08816772098557697
0.18983359475189623	0.08762309611809774
0.19111578850471056	0.08707945393573252
0.19238921019386154	0.08653522978714015
0.1936632207637581	0.08599035139598335
0.1949455408130939	0.0854448578869596
0.1962186626534294	0.08489883282331998
0.19749963191640355	0.08435225872911434
0.19877664116432037	0.08380488027033807
0.20006057202968308	0.08325536292430916
0.2013372956134247	0.08269933791164649
0.20261297159542924	0.08213062212043054
0.20405105751615382	0.08154979564307951
0.20548866537521787	0.0809688782959907
0.20676719930557164	0.08040007494391019
0.20804768892798942	0.07984440141971841
0.209327459505352	0.079295937557019
0.2106016075605915	0.07875011881551454
0.2118827162541778	0.07820524392709778
0.21315327858179947	0.07766075430606262
0.21443457624306764	0.07711636791503904
0.21571491037094495	0.0765721786344705
0.21699362475572384	0.07602851803999205
0.2182715759509242	0.07548533376651709
0.21955134381920718	0.07494101227414876
0.22082305077820663	0.07439065752574262
0.2221080358083381	0.07382799425162276
0.22354622398982704	0.0732541254373536
0.2249862176634408	0.07268149753471362
0.22626062999206645	0.07212219418433356
0.2275376320643971	0.07157677753036111
0.2288172536851284	0.07103895995951914
0.23009258772049584	0.07050413832671795
0.23137314067181358	0.0699708197330133
0.23264825340192932	0.06943869915479287
0.2339232212881926	0.06890757976369913
0.2352082953520658	0.06837742625516141
0.23648241260792752	0.06784827810491567
0.23776514017471218	0.067318981774246
0.23903823733702265	0.0667851938617176
0.24031174612748588	0.0662405691499177
0.2417419530796838	0.06568498831897325
0.24319060723239158	0.06512960919770427
0.2444765915389577	0.06458670948729302
0.24576405615383468	0.06405831414402627
0.2470402843930236	0.06353926656469014
0.24831257173618662	0.06302491710075353
0.2495901796635565	0.06251310157528414
0.25086119995068623	0.062002972292087816
0.2521384599943629	0.061494180163775766
0.25342089901079906	0.06098680296432525
0.25469616009098756	0.060481072503700814
0.25597364141361223	0.059976756403049725
0.25725639326857314	0.05947241476776427
0.2585359953344943	0.05896404136178578
0.2598123643852292	0.05844625217497651
0.2612521331515312	0.05791984908908383
0.26268817399858396	0.057395833265604365
0.2639667222381168	0.05688508419542643
0.2652412873152319	0.05638812276430062
0.266525820702592	0.0558993358897113
0.26780302349836616	0.055414762085250535
0.269080062545437	0.05493316521283828
0.27035707143364934	0.05445418156752037
0.2716291129141809	0.053977488373758306
0.27291208301170705	0.05350290808583055
0.2741890735664181	0.05303047815698547
0.27546557746639466	0.0525599504344063
0.2767478004694111	0.05208990292544095
0.27803008436211235	0.051616577366798255
0.279310244418609	0.051135196671448974
0.2807501200370165	0.050646815347538565
0.2821857314495311	0.05016170170617347
0.28345986261063777	0.04968975847529017
0.28473951020084043	0.04923130670357663
0.28601622069436156	0.04878102843001038
0.28729637018085624	0.04833506136291324
0.2885738802902353	0.047892165969700126
0.2898522702209258	0.04745212665405345
0.29112838726682827	0.04701489909104427
0.29241153730257397	0.04658050432076412
0.2936837179684041	0.04614874360986389
0.2949651624095099	0.04571829745577756
0.29624270801420083	0.04528554682957868
0.29752251562388055	0.04484587790071633
0.2989597633759522	0.044400056868013474
0.3003985495507285	0.04395742124513652
0.3016767452256562	0.043527217295289355
0.3029572432502601	0.04311007864059184
0.3042370805551661	0.04270138268769859
0.30551123635204486	0.042297533743630544
0.3067883043932707	0.04189708951887147
0.30806734525412244	0.04149965365288465
0.3093451865756416	0.0411052328892384
0.31062504454579415	0.0407139790990714
0.3119036117152393	0.040326026036490534
0.31317893967381694	0.03994117820760197
0.31445617490005073	0.03955819912056127
0.31573514137555125	0.03917382374008066
0.3170135379144793	0.038783949894720296
0.31845052172028165	0.03838928909278368
0.3198905958055327	0.037998159654013666
0.32116556093969517	0.03761876084515062
0.32244866733247096	0.037251563026500026
0.32372160888096535	0.03689227641998062
0.325002507242099	0.036537622155619245
0.32628327991401723	0.03618655440519372
0.3275607710330423	0.035839011764129056
0.3288373073835881	0.03549496062730431
0.3301168831317173	0.03515418168411971
0.3313894956101827	0.034816456946718796
0.3326854536024095	0.03448180457812586
0.33395904851375374	0.03414976470339709
0.3352345690149563	0.03381772241962311
0.33651084374403684	0.03348184356018788
0.3379523355953426	0.03314255470258076
0.3393864451422804	0.0328070284970617
0.3406632956595615	0.03248226727607881
0.34194384545318485	0.03216858432105649
0.34321846133490325	0.03186227958605228
0.34449893997183323	0.03156059377192234
0.3457801744059166	0.03126265472796767
0.34705416432363095	0.03096832335077647
0.3483335129409358	0.030677510021099114
0.34961524095304103	0.030390228137060923
0.3508931022876979	0.03010658112053574
0.3521679908512607	0.029826442323755822
0.3534497472928958	0.029548968195967903
0.3547242863424245	0.02927186121736919
0.35600250653024146	0.028992152357196044
0.35744285802936515	0.02871034142125667
0.3588786905399777	0.028432398220449198
0.3601569737397412	0.028164139436566774
0.36143649947516154	0.027905823181243836
0.36271121012525637	0.02765433936076586
0.36399291832045516	0.027407362631256482
0.3652724187469344	0.02716417410302409
0.36655021618413297	0.02692470760556194
0.36782577358581936	0.02668892105427456
0.36910653512592423	0.026456728145168612
0.37038235377185336	0.026227957684534592
0.37166048429318677	0.026001957252581226
0.37294501881119363	0.025776992031941684
0.3742195594850463	0.025550822173321636
0.37565487687371185	0.02532381231571798
0.3770940745899494	0.02510060846463545
0.378374377082804	0.024885853048283696
0.37965121482050257	0.024679806068214197
0.38093163833306637	0.024480030062036084
0.38221064519663406	0.02428470236685265
0.38348573010286263	0.02409317348893293
0.38476414940681436	0.023905265005732174
0.3860438282192246	0.02372093159368767
0.3873177649495151	0.023540163717482743
0.38860100049454926	0.023362939772994515
0.38987478028446454	0.02318915724142774
0.39115485570259184	0.0230183543009381
0.39243908974981034	0.022849272845852836
0.3937097009053052	0.022680243808836695
0.3951452555536998	0.022511487052148504
0.39658336391043353	0.022346409231785908
0.3978650651440672	0.02218844082256602
0.3991428496983524	0.022037766441986295
0.4004216993341821	0.021892561490864326
0.40170624108873354	0.02175147925106584
0.40298025897390627	0.02161408061527524
0.4042599811354363	0.02148026707578586
0.40553947478356195	0.02135001232747695
0.4068126306879029	0.02122328587368595
0.4080891015740037	0.021100010441524944
0.40937043292956116	0.02098007430688252
0.41064301085834115	0.02086315065343035
0.41192805877603794	0.020748344415939313
0.41320166806221975	0.020634547555562002
0.4146510136473128	0.020522069100500126
0.4160807281408932	0.020413313580233933
0.41736000782062627	0.020310501018224056
0.4186412769218628	0.020213637984690835
0.4199155199435438	0.020121462445217925
0.42119314080804476	0.020033023660506702
0.42247447327407683	0.019947975577813387
0.4237485872837255	0.01986624705724377
0.42503282850696145	0.019787826517727564
0.42630763499940344	0.019712710864867533
0.42759095234897887	0.019640864479027256
0.4288645656067558	0.019572107605153294
0.43015000966522415	0.019505957606686955
0.43142225663528655	0.019441820575324176
0.4328644094591264	0.01937985877257012
0.4342992554750206	0.019321370082238068
0.4355797294193828	0.019267549372287723
0.43685078431669927	0.019218349982895733
0.43813132170711644	0.019173021872898086
0.4394112360319912	0.019131037546492577
0.44069210997051617	0.019092235281803677
0.441970582049182	0.01905658856262589
0.443246401249093	0.019024077473846226
0.4445272372617248	0.018994678769242393
0.4458047706300704	0.01896837497329258
0.44707813143282155	0.018945138551233046
0.44835700499943554	0.01892491628448642
0.44963916022058914	0.018907629576279922
0.4509164604973069	0.018893223479094987
0.45235563979516125	0.018881788602825286
0.45378639508523455	0.018873556512364303
0.45506912256195614	0.018868661424891214
0.4563452297179845	0.018867011476587564
0.45762491220998647	0.018868432147911965
0.45890898090005655	0.01887280772820868
0.46018658328659195	0.01888008618900608
0.46146259004902285	0.018890244931871983
0.46273877182096246	0.018903270407972447
0.46402297372546986	0.01891914374514768
0.46529944704100107	0.018937843025403522
0.46657470141124485	0.018959369267538426
0.4678582065735166	0.01898380905021077
0.4691325216263022	0.019011452789989045
0.4704093991922959	0.01904272577129447
0.4718491429488298	0.019077647290906635
0.4732845327435955	0.01911548785462301
0.4745628725350905	0.019155426700068756
0.4758482489225192	0.019197298808560373
0.4771214592048887	0.019241403537094512
0.478400438714932	0.01928800011766295
0.4796804234243223	0.019337174807920493
0.48095347310117437	0.019388940337509736
0.4822322108662277	0.019443300609519806
0.4835143760456264	0.01950023234440032
0.4847909079272959	0.01955969572055212
0.4860674939147586	0.019621709533866077
0.4873474452716497	0.01968648926434652
0.48862343477402964	0.019754666783715263
0.48990424869334165	0.019827095069375397
0.4913389685334547	0.01990372003001123
0.4927754554722943	0.019982933659088306
0.49405958279357554	0.020063014958995984
0.4953324921914332	0.020143741199172324
0.4966020873217812	0.02022594767287572
0.49788907226422596	0.020310316318123203
0.49916451039823534	0.020397042896947798
0.5004480901989904	0.02048609583054671
0.5017300407928956	0.020577399009986716
0.5030061634402068	0.020670906741120737
0.504285313596866	0.020766679963907853
0.5055643019285072	0.020865062037522863
0.5068411105118695	0.020967002698407386
0.5081228739920408	0.02107372123486942
0.5095681057521237	0.021185012955120347
0.5110009670803821	0.021298455268146124
0.5122752379264046	0.021411685936190986
0.5135531758790913	0.021524561842003825
0.5148335242467567	0.02163824833000713
0.516108588106726	0.021753613985862383
0.5173862066112822	0.021870968726598064
0.5186680229078486	0.021990345364434713
0.5199459909491007	0.022111681798972868
0.5212224119768053	0.022234950843705636
0.5224993545062796	0.022360184678128586
0.5237813587231106	0.022487447324745835
0.5250591027703029	0.022617090428310657
0.5263342299976094	0.022750286696451127
0.527614777214482	0.022888630979893673
0.5290539551233364	0.023031940856207384
0.5304921642840034	0.023177177301546822
0.5317654128932754	0.023321298221044617
0.533051378356566	0.023464029177203555
0.5343279886430485	0.023606784359861688
0.5356024056818623	0.023750697226454787
0.5368787822090512	0.023896251531308102
0.5381599507629105	0.02404356927581791
0.5394361182917514	0.02419259945075089
0.5407205589876107	0.02434324601980388
0.5419911390088111	0.024495503388416898
0.5432697135077186	0.024649535375937767
0.5445551136335238	0.024805797458382448
0.5458317948813495	0.024965540719776663
0.5471069051112933	0.02513057058806395
0.5485422150735103	0.02530078218861409
0.5499820215134802	0.025472696230511405
0.5512582639271532	0.025642708238816994
0.5525404773414108	0.025810475378727493
0.5538207593843686	0.025977684203154786
0.5550982729288899	0.026145621630270607
0.5563740604946762	0.026314780357740847
0.5576513829461917	0.026485338612241824
0.5589296314431571	0.026657355021151213
0.5602102899771115	0.0268307579873711
0.5614915768716195	0.027005405704288582
0.5627643289405405	0.02718136616412449
0.5640360942772892	0.027359339816327363
0.5653246446641778	0.027540998246850287
0.5665994285708528	0.027728335405561882
0.5680384695469267	0.027921019556088666
0.5694807509027973	0.02811497728612565
0.5707550280258913	0.028306097328535423
0.5720377692116598	0.02849404921833902
0.5733116131367366	0.028680876359042512
0.5745913678770559	0.0288681582671122
0.5758695749343692	0.02905646172267974
0.5771436590381775	0.029245933270199698
0.5784273995191223	0.029436571409489146
0.5797083654826151	0.029628245993542995
0.5809830170158036	0.02982097996216046
0.5822573831509217	0.03001547040137549
0.5835410868859509	0.03021352977217888
0.5848191710607795	0.030417346700247566
0.5862594316277243	0.030626527493494274
0.5876953627325247	0.030836642633980588
0.5889746082046888	0.031043315433606194
0.5902489721264482	0.031246276284416716
0.5915328894933746	0.03144772385975797
0.5928090690194624	0.0316492698142944
0.5940832756587686	0.031851514009898246
0.5953625256967255	0.03205466009929829
0.5966426090470831	0.032258713786633225
0.5979199927638696	0.03246355751797533
0.5992011894316271	0.03266911255969551
0.600470893320332	0.03287556675332744
0.6017517038733358	0.03308371334286539
0.6030335466647941	0.03329537671125268
0.6043150083234196	0.03351277513016718
0.6057507704255525	0.033735493389203924
0.6071897297095199	0.033958915553798444
0.6084652481802113	0.034178436142011506
0.6097512431801103	0.034393662536754466
0.6110268170490325	0.03460683753146107
0.6122998580800212	0.03481979275674178
0.613581915574186	0.03503326334220477
0.6148585926447799	0.03524736737549691
0.6161373698903203	0.035462056601034714
0.6174134445262982	0.035677287214273296
0.6186965458195016	0.0358930356123074
0.6199641774588361	0.036109470813161224
0.6212489149454453	0.03632734503935908
0.6225267192179974	0.03654852037998842
0.6238061139267339	0.03677538093568572
0.6252420852129196	0.037007584561079346
0.62668154853557	0.03724027942565955
0.6279602298393154	0.03746854576029589
0.6292379107459594	0.037691999261559195
0.630512373723394	0.037913153824591386
0.6317926407770267	0.038133960073117534
0.6330699437087401	0.03835509020201751
0.6343461598275846	0.038576671345427985
0.635629580543916	0.038798681517698566
0.6369064961820614	0.03902105454933548
0.6381832655084452	0.03924388026391888
0.6394662691282763	0.03946781104303128
0.6407404997824308	0.03969477740951517
0.6420174610187007	0.039927401872098506
0.6434592880416252	0.04016540012617073
0.6448971114740012	0.04040370295229133
0.6461763635170374	0.040637233563571865
0.6474516997505447	0.0408656747608845
0.6487322330220733	0.041091633239257214
0.6500101165612061	0.04131705084315408
0.6512900793461237	0.04154254982084479
0.6525687435829123	0.04176820448382036
0.6538455238023785	0.041993976461943264
0.6551284836039113	0.042219802316035046
0.6563979902920035	0.04244570709058247
0.6576775742170331	0.04267195061254622
0.6589558020351907	0.04289929414891115
0.6602341020793244	0.04312964936897383
0.6615147399210403	0.04336550463696799
0.6629497265038428	0.04360648451205455
0.6643891446485304	0.04384756243668261
0.6656661047409701	0.04408369075738093
0.6669471266249118	0.04431446687776368
0.6682225570782935	0.044542399863538445
0.6694981697919558	0.04476944199924944
0.670779141992368	0.04499632827430662
0.6720447020243407	0.045223356105083753
0.6733313352455046	0.04545069940415093
0.6746126541865649	0.04567825454090328
0.675892040558112	0.04590581483324066
0.6771680522586753	0.04613344405826486
0.6784531177998309	0.046361823202726124
0.6797267879519451	0.0465928834375203
0.6810079279497571	0.04682922943613502
0.6824417443027543	0.047070598035289596
0.6838845266532821	0.04731193178835022
0.6851629059289216	0.04754806556883785
0.6864376758000672	0.04777859783469757
0.6877168062364174	0.04800620175024148
0.6889880015327883	0.04823301978284919
0.6902735067376854	0.048459804739035287
0.6915541571506509	0.04868662707524264
0.6928312724748411	0.048915798869805835
0.6941100263816193	0.04918421532977932
0.6953855331495619	0.04981018667560122
0.6966612568460276	0.052332929373015924
0.6979387786299107	0.06056216827924707
0.6992238328738923	0.0777019025531519
