X	Y
0.0506480664388297	0.11203668401448691
0.05208764738509789	0.12425174672404196
0.053361353721579165	0.11538255020031421
0.05464358795114727	0.10304519558038419
0.0559135384693362	0.09832937660860117
0.05720049445537035	0.1004469027271171
0.05846461592809686	0.1058399558603405
0.059740252821366135	0.11263480529081396
0.06100970909002587	0.12015522634263745
0.06227286366531595	0.1281650685286281
0.06354368679470772	0.13658983444733497
0.06482234027952076	0.14536966727916403
0.0661206011579075	0.15445456231080715
0.06742105281102137	0.16388139493097767
0.06870977521200501	0.17374028088931276
0.07016667030292802	0.18398957336718497
0.07160058495031735	0.19439513853949786
0.0728855268084473	0.20476387045538397
0.07414908074912958	0.21512610335937338
0.07543179479075224	0.22562703479165022
0.07672043123537138	0.2363865502774105
0.07799372342576347	0.24750091479539807
0.07927341701832728	0.25906637609654487
0.08054801985672916	0.2711793461383811
0.0818205121814179	0.2839769465096189
0.08309142201092692	0.29767446989897056
0.08436322607053151	0.3125459773695926
0.08564409568983297	0.3289630557330644
0.08692096124603753	0.34759145812453773
0.08819836755122637	0.36945863430970155
0.08964697391096522	0.39559304425144504
0.09109181286048015	0.4270270862657437
0.09231810195560178	0.46628218874465716
0.0935839042237679	0.5204196546567131
0.09487510391089998	0.6066725634867008
0.09615829775795699	0.7563732199045121
0.09744652605226939	0.991835151696972
0.09874554305961479	1.2646402138862576
0.10003611692615501	1.4364384319200068
0.10131261270614154	1.3909634138789515
0.10259240535212293	1.163485683162394
0.1038723060204835	0.8988452420756238
0.10515473092107676	0.7029509914850591
0.10643458464015984	0.5872619251913908
0.10787392654072592	0.5205707589870465
0.10930568490837145	0.47782791222265764
0.11058656982899791	0.4475179486314764
0.1118619557169073	0.42446871181418167
0.11314049863430062	0.405870979893164
0.11441730592133259	0.39017419072176013
0.11569700009646466	0.3765246361383418
0.11697776585889601	0.3644216967280572
0.11824975173026973	0.3535492913629917
0.11952423562607761	0.3436754302944663
0.12080199173234282	0.33461355380341834
0.12207610254382044	0.3262221194692125
0.12335404349033553	0.31838690833281835
0.12462954215560314	0.3109817251757283
0.12590651445026427	0.3038782451338739
0.12734148814665108	0.2970464981311146
0.12877860528522714	0.29059744715378044
0.13006256999253152	0.28464072944638774
0.13133846217690587	0.27915810234172317
0.13262013526899472	0.27406523106154307
0.13390714083545532	0.26931091872565754
0.1351834410182301	0.26488605655063346
0.13646252744905288	0.2608018391797997
0.1377409136606587	0.2570905875687559
0.1390175347260186	0.25381159830105066
0.14030164411870236	0.2510560716939238
0.14158009444549985	0.24897800662649172
0.14285819657052298	0.24788086001009038
0.14412942883018803	0.2483997570922768
0.14540957570779237	0.25164237135299483
0.14685205028145265	0.25842015129187296
0.1482858472841653	0.26672740629579234
0.14956739965807836	0.26992894768888026
0.15084506617503549	0.260495431780103
0.15212493772822072	0.23739627142902017
0.15340309834373259	0.20764861140936716
0.15467543662953862	0.17964352860174274
0.15596717646156114	0.15719782381456204
0.15724809958620758	0.1399107941575176
0.15852972019446857	0.12617394922413613
0.15979317427801987	0.11475806981025191
0.16104703347266763	0.10491893057451407
0.16233007138571431	0.09618002388601304
0.16362049290769778	0.08823922147514218
0.16506161880153428	0.08098109357333041
0.166498311930593	0.07444665177310054
0.16778112183730357	0.06867239059431778
0.16906099420041765	0.0635755813600094
0.17034158110885442	0.05901768436727275
0.17161756987681723	0.05489588532305896
0.17289328902400827	0.05115224622587733
0.17417184614598152	0.04775088742148638
0.17545190275466394	0.04466583963087952
0.17672933016311249	0.041876191441666655
0.17800868463590946	0.03936356660684508
0.17929032232058878	0.037111376731212925
0.1805695847451253	0.03510273356090549
0.18185132226937928	0.03331714114339973
0.18313533837857499	0.031735349097106444
0.18456790207083504	0.03035559940943249
0.1859816343538644	0.02919588056215336
0.18726501716841384	0.02826776673272527
0.18855073216011553	0.027559297109592894
0.18982656646937868	0.027048339392042674
0.1911088579991266	0.026718377437017608
0.19238058914687925	0.02655997835781979
0.19365815575315506	0.026567006802939393
0.19494014273167481	0.026734503924084548
0.1962187646586499	0.02705760006297061
0.19749977151259032	0.0275291575637087
0.19877545058840398	0.02813494231272543
0.2000556203217198	0.02885023973333777
0.20133321737724502	0.029646367322259257
0.20261057986340425	0.03050260214024412
0.20405040997305926	0.03140366620177082
0.20548728795857504	0.032328280881254584
0.20676436945703774	0.03325570981497943
0.20804347657494177	0.03417915119631783
0.20931969166220224	0.03510103167546168
0.21059568884901833	0.03602190101852042
0.21187436379841415	0.03693826186585838
0.2131514198908111	0.03784485400569053
0.21443567850471895	0.038736000600029116
0.21571075135529014	0.039606343399803665
0.21698810074529779	0.04045139975207807
0.21826882622938978	0.041267459742914944
0.21954734268045842	0.04205234939071917
0.22082274055888695	0.04280762567786087
0.2221023553396824	0.04353640406333488
0.22354184343940953	0.044233097051408106
0.22498047219958459	0.04487950195754387
0.22625940509176032	0.04545923061067826
0.22753556776821682	0.045970191754088174
0.2288160121771521	0.04641827638404404
0.2300898260882281	0.04680731234132583
0.23136722309423044	0.0471376295521084
0.23264080011487082	0.04740823617651451
0.23392301532669316	0.04761789944037199
0.23520431692450405	0.04776538413771146
0.2364836541513434	0.047849568311523274
0.2377649642769352	0.04786913418795857
0.2390402719230623	0.04782159998675553
0.24032153381767926	0.04770342107933987
0.2417614538775688	0.04751343439921382
0.2432003940272229	0.04725601220527864
0.24447173623645324	0.04693755624391967
0.24575038168984484	0.04656072550098767
0.2470298943878119	0.04612442672274157
0.24830732774680073	0.04562660732702162
0.24958908997764107	0.04506547021881764
0.2508620420690702	0.04444105549435538
0.2521431328192976	0.043758265697122815
0.2534217441757446	0.0430280544426321
0.2546994570553231	0.04226429225232413
0.25597899592458034	0.041479030211697215
0.2572599709087019	0.04067899971871902
0.2585320318649967	0.039863403572185936
0.25981681441871335	0.03902776137704933
0.26125373934722224	0.03817757383712425
0.26268941854731354	0.03733451482511907
0.2639708407562864	0.03651959293053706
0.2652466100014342	0.03573692444607308
0.26652688712007905	0.03498027645928998
0.2678034737945715	0.03424541091376122
0.26907855904783795	0.03353222974280996
0.2703571903613938	0.03284238042594106
0.27163908029549316	0.03217819973198942
0.2729177456246541	0.03154227066006223
0.274195497898288	0.030936833248998652
0.27547206381625616	0.030363519880289857
0.2767545337269619	0.02982289179971698
0.278025687173564	0.029313217566454407
0.279304721337616	0.028831867033245785
0.28074778728223965	0.028381919378826132
0.2821837723215942	0.02797445363043092
0.28346589457240473	0.027619026840013616
0.2847424658236851	0.027315868499049614
0.2860192046801027	0.02706012962022879
0.2872996833797368	0.02684836082878811
0.2885755282158071	0.02667945314463768
0.2898522053922601	0.02655311287194523
0.29112898232236656	0.026469037698719784
0.29240744950293285	0.026426790229732895
0.29368757880004814	0.026425861945103678
0.29496386998224894	0.02646600506201986
0.2962446389389822	0.026547897620274534
0.29752446714924186	0.02667288621414854
0.298958658459005	0.026840244686540626
0.3003946742366123	0.02704494814089428
0.30167770823386736	0.027280650251769983
0.3029524971781452	0.02754405631673525
0.3042338476167912	0.02783443446666086
0.3055154042918647	0.0281508873030332
0.3067878010330899	0.02849172110026326
0.3080673251766485	0.028854956891313274
0.30934680162676154	0.029238394407612712
0.3106241624023361	0.029639638882477913
0.31190167139328734	0.030056372471039292
0.31317744998103003	0.030486685893449928
0.314454297554708	0.030929816929979252
0.31573809994419116	0.03138739967010603
0.31701207080523025	0.03186220029761195
0.31845099690932943	0.03235116150229798
0.3198880198604197	0.03284167783019447
0.3211644985543546	0.03332116877825834
0.3224426352751702	0.03378674343794863
0.32372429544297626	0.03424143192329023
0.3250007540433486	0.034687039485515186
0.32627892527813945	0.03512302189622937
0.3275550793996453	0.03554788309764201
0.3288417283978149	0.03595977357210853
0.33011452334309793	0.03635683729033959
0.33139311392665066	0.03673749705590157
0.33268009372207136	0.037100299989145887
0.3339537556518168	0.03744438235005684
0.33522832958744003	0.03777063085260844
0.33651032890693217	0.03808059475196007
0.33794554130338267	0.03837207761723421
0.3393875067161851	0.03863773561527131
0.34066036018104007	0.0388712262518217
0.3419390478597047	0.03907225020508925
0.3432222587143912	0.03924369210535935
0.34450105546710763	0.03938744918318772
0.34577471739647714	0.03950401319647361
0.3470569097198096	0.03959342708559922
0.3483340297661792	0.03965569513677217
0.34961176233815905	0.03969089688964179
0.35088981903453903	0.03969923223185799
0.3521708149821375	0.039680950666190075
0.35344642304762247	0.03963606229039258
0.3547263686842778	0.03956383254505899
0.3560082484176205	0.039462995907114135
0.35743668951600344	0.03933381313084274
0.3588792151712881	0.039179702284052834
0.36015496333882635	0.03900496497957441
0.36143672765330515	0.03881153663402516
0.3627112510209612	0.038599361406970616
0.3639887555395836	0.038368453450174964
0.36527321086063175	0.03811960829006728
0.36654650183100324	0.03785397829387898
0.36782263501747503	0.03757266508851633
0.36910680551836733	0.037276846101046035
0.37038587505400294	0.03696771614541647
0.37165803187886864	0.036645554984853675
0.37294514960295494	0.03630860080677174
0.374219209514675	0.03595411810965381
0.3756511243471106	0.03558365131524235
0.37709425751663334	0.035206154912293834
0.37837600809035954	0.03483113874253563
0.379651288761774	0.0344608939247431
0.3809284562418725	0.0340927864913458
0.3822094073595795	0.033724959591728075
0.3834846791844977	0.03335756751058599
0.3847627763576393	0.032991572109624036
0.3860432342055037	0.03262811463669854
0.38731901220840864	0.0322683515941364
0.38859717669974336	0.03191329440053189
0.38987528247893405	0.03156369503699942
0.3911534167394469	0.03121955971040366
0.392434917900338	0.03087921609720115
0.39371286534429156	0.030540227168835983
0.39514958137594675	0.03020415744456539
0.39659432332070815	0.029878917624942103
0.39787099171565105	0.029572119444914353
0.39914885442136927	0.029284564739135408
0.4004262557545002	0.029012960798001405
0.4017075039009139	0.028754988458596763
0.402983338708215	0.02851013023383641
0.4042598183869523	0.028278496367126125
0.4055392297792632	0.028060273289122705
0.40681842085323267	0.02785569168207425
0.408096096584048	0.02766495044047175
0.4093726050058488	0.02748808584798126
0.41065277491352997	0.02732477494709212
0.41192439003455206	0.0271740296644544
0.4132057088424133	0.027034662754015913
0.4146459147647567	0.026907107081024426
0.41608355372959954	0.02679394684120181
0.417360780148801	0.026697239456144984
0.4186430235423203	0.026616441349794216
0.4199159400647313	0.026549659536786046
0.42119354625168376	0.02649542101961614
0.4224741291762109	0.026452934271235427
0.4237554044414198	0.026421696347556985
0.425029135297332	0.026401232401911046
0.42631017781568675	0.026391028599485583
0.4275869977179466	0.026390563706660774
0.42886560853056793	0.0263993978844823
0.4301460924519767	0.026417317211403047
0.43142139939860663	0.02644427533927809
0.43286080016314765	0.026479790178376938
0.43430254332031415	0.02652247570325289
0.43557586277941224	0.026570726057077287
0.4368579404349009	0.026623643012788054
0.4381353939115379	0.02668089297795052
0.4394133375264682	0.026742143986957404
0.44068809149463184	0.026806915979065815
0.44197121467807526	0.026874634844001193
0.44325043095616784	0.026944670812401376
0.4445278029189957	0.027016412959322535
0.445799801296873	0.0270893330850624
0.4470807347316494	0.027162977873308923
0.4483585008219847	0.02723704442256929
0.4496357207432328	0.027311615692797397
0.45091674586815345	0.027386963355239814
0.4523526806962076	0.027462453810377433
0.45379100949160994	0.02753604308892629
0.4550700387496316	0.02760576861032782
0.45635162558436776	0.027671170562604784
0.45762924673210803	0.027732720318689175
0.45890064316042206	0.02779075178113614
0.4601865286611865	0.027845221039593436
0.4614648308078173	0.027895894747755588
0.46273789753540595	0.027942537841598006
0.46401848548250246	0.027984979007987635
0.4652924985061928	0.028023080696131988
0.46657463667200744	0.028056717620718024
0.46785788514148874	0.028085794956677963
0.4691316598076882	0.02811029370374378
0.47041045069444126	0.02813021826872323
0.4718499957549973	0.028145400752342127
0.4732874917656969	0.028155509552141043
0.4745654325228011	0.028160391149800304
0.4758457509664371	0.028160230449598322
0.47712123194898615	0.028155334561854112
0.4783993485540853	0.028145938802446015
0.47967900616023385	0.028132209913945216
0.480955471960998	0.028114299341592323
0.48223234114863617	0.028092363906351288
0.483511018401095	0.02806657331427454
0.484789672031861	0.028037114286478697
0.48606821764195085	0.02800417071382138
0.4873489811566131	0.027967824076161277
0.4886210403006037	0.027927879540098913
0.48990374771536005	0.0278839937614326
0.4913420197354022	0.027836426506696994
0.4927803483834952	0.02778645515180076
0.4940579060873327	0.027735426333117374
0.49533452360601143	0.0276837306269572
0.4966069922647422	0.027631108162197396
0.4978894999014544	0.027577401179462054
0.49916834376732194	0.027522742794874783
0.5004487255501819	0.02746738798919141
0.501722788535041	0.027411583401775907
0.5030055810928791	0.027355556247624712
0.5042831637811621	0.027299514242106113
0.5055615195636298	0.027243528718333947
0.5068411550489057	0.02718735744766212
0.5081197731073951	0.027130638573383645
0.5095674014278143	0.027073730966333455
0.5109940256440559	0.027018055488083427
0.5122755318012423	0.02696493731313457
0.5135563890099244	0.026914578629897244
0.5148315136816326	0.026866528071176635
0.5161130977498817	0.026820471249234822
0.5173846348157823	0.026776362969843377
0.5186665041001111	0.026734271528132972
0.5199471144569907	0.02669430519594265
0.5212250638943227	0.02665658093946254
0.5225047147666604	0.026621191395691253
0.5237796093013509	0.026588183618573444
0.5250534556079054	0.026557526605361974
0.5263370128256288	0.02652907512809936
0.5276110633805285	0.026502660723349232
0.5290506068291153	0.026478407741395458
0.5304914242121385	0.026456840504142643
0.5317688114895074	0.026438393120346335
0.5330500452302332	0.026423003681753498
0.534325038119885	0.026410344071422828
0.5356012280047138	0.026400161520676386
0.5368816551178771	0.026392329339504975
0.5381589788873142	0.026386771756346936
0.5394375573331792	0.026383417150028107
0.5407150079069548	0.02638218586188467
0.5419943948770666	0.026382990505261165
0.5432743171905843	0.026385741670946337
0.5445509239754349	0.026390371256315662
0.545826412876213	0.0263968740079241
0.5471056863540124	0.026405284891626656
0.5485463998172816	0.02641550895863708
0.5499832984399725	0.026427206858997142
0.5512611680344313	0.026439994578594944
0.5525392069351656	0.026453690473672457
0.5538170659386054	0.026468265932521724
0.5550942775573334	0.026483681441929325
0.5563766914620824	0.026499838591955
0.5576560809433557	0.026516610838621685
0.5589276583097954	0.026533877205063675
0.5602092639433665	0.02655152707765419
0.561486715019851	0.026569448360853853
0.5627648403441624	0.02658753464342624
0.564046037755683	0.026605720761093146
0.565325668366583	0.026624037360210205
0.5666019883649801	0.02664256652514395
0.5680353502718377	0.026661177511241436
0.5694758745599441	0.026679385706000452
0.5707568260416039	0.026696711801207633
0.5720315618050505	0.0267130485824864
0.5733128531571638	0.026728522433802766
0.5745903884890761	0.026743214131374014
0.5758707112110818	0.02675710778381572
0.5771459696424782	0.02677015371754659
0.5784245318623503	0.026782303401861555
0.5797030590723378	0.026793512328220075
0.5809831395533623	0.026803740251358312
0.5822613972203211	0.02681296341815291
0.5835394391729485	0.02682119089598179
0.5848166818544583	0.026828441205006624
0.5862507710610749	0.026834660014377957
0.5876919881622843	0.026839702394765023
0.5889705855367326	0.026843462116365537
0.5902494046247515	0.026845963426081854
0.5915305767645299	0.026847293316220253
0.5928049395498233	0.02684751646586349
0.5940875053060083	0.026846667990042084
0.5953691166033787	0.02684477438972593
0.5966410897144198	0.026841862135171445
0.5979185166722872	0.026837959272119374
0.5992009468432204	0.026833099006665882
0.6004797492692721	0.02682731761263683
0.6017591214441059	0.026820630878319828
0.6030286390201549	0.026812994480066465
0.6043093708858055	0.026804328407967756
0.6057460672826465	0.026794672864390964
0.6071844606653986	0.02678428223347985
0.6084677752354096	0.026773439683177115
0.6097460107012517	0.02676224230775516
0.6110204220957275	0.026750651223759785
0.6123006689639212	0.02673864004831154
0.6135784600410257	0.026726234614416734
0.6148542318864368	0.026713483536246054
0.6161353847269802	0.02670044070390704
0.6174151582521207	0.02668716528047507
0.6186935915940639	0.026673717410440508
0.6199719234449992	0.026660145990739608
0.6212481335881807	0.02664646120978279
0.6225265038852337	0.02663259286002489
0.6238019304353668	0.026618435572521026
0.6252469382004004	0.026604066154393622
0.6266825728046845	0.026589845915191136
0.6279618141197719	0.026576124718870085
0.6292344778914639	0.0265629567624049
0.6305148455318714	0.02655021858785842
0.6317926412858338	0.026537827526889653
0.6330696078525498	0.026525778668475632
0.6343511678740255	0.026514098569963108
0.6356283573426967	0.026502818942802958
0.6369063602480913	0.026491966181095967
0.6381823872154658	0.026481555823489444
0.6394627374095	0.026471582461860096
0.640742225943529	0.026461999192852522
0.6420206980348487	0.02645274187492769
0.6434562763688582	0.026443849909790772
0.6448949356190754	0.026435519725738037
0.646177377877717	0.02642793133098436
0.6474527266129927	0.026421088024252658
0.6487328737852174	0.026414889601577802
0.6500094042676555	0.02640926029912532
0.6512876683394446	0.026404170983055062
0.6525688449655898	0.02639961213677921
0.6538444689002688	0.026395576679631327
0.6551210205652878	0.026392053857929632
0.6563957526906072	0.026389029744529384
0.6576817908090081	0.026386490648824132
0.6589625844292781	0.02638442304106385
0.6602366110437866	0.02638281007200981
0.6615137804951133	0.026381634517088918
0.662950429370803	0.026380887629298508
0.6643950171996413	0.0263805646483867
0.6656716247531276	0.026380647509603398
0.6669477560107285	0.0263811022597155
0.6682283449147973	0.026381892457879867
0.6695080485697301	0.026382986998234652
0.6707840039263463	0.02638435925195779
0.6720541004413689	0.02638598554858905
0.6733304683143381	0.026387843832773896
0.6746101483309047	0.026389911206182948
0.6758936733348948	0.02639216287232735
0.6771715921078536	0.02639457488169857
0.6784507543724135	0.02639713082889086
0.6797354539044039	0.026399830688381434
0.6810062716406986	0.026402684057862107
0.6824402888982937	0.02640566706593866
0.6838823400666203	0.026408695576410558
0.6851634700788748	0.026411682132298865
0.6864339385848727	0.02641460032901946
0.6877148536305826	0.026417464325411623
0.6889999020694085	0.02642027980467209
0.690281108508082	0.026423035178435673
0.691549122568043	0.0264257154898936
0.692834630705678	0.02642830570922118
0.6941120830736772	0.026430762565744687
0.695387419554356	0.026432818623779688
0.6966634208718436	0.026433230925719503
0.6979411705838988	0.026428916925465392
0.6992189671401612	0.026417188966376487
