X	Y
0.05067475397268901	0.12361192403795981
0.052084043950539824	0.13344383530680953
0.05336398830883711	0.13864395561667398
0.054643749739938546	0.14097213509341108
0.05593043601367652	0.14257798429025595
0.05721841984361399	0.14440903346914846
0.058467175492062824	0.14674116442277832
0.059748913928707445	0.14977281591773442
0.061026413588808615	0.153857083307169
0.06231092000691485	0.15961797801274247
0.0636130360576711	0.16838268216190697
0.0648967349319258	0.18415692451193455
0.06613495352132077	0.21971220135283936
0.06740778663524134	0.3011761908560582
0.06869144479266154	0.44032895072757716
0.07013597293586538	0.575079037557878
0.07157811652079335	0.5939437515920882
0.07284604438055353	0.47390023698231337
0.0741158312906395	0.31388681747933034
0.07539566028172696	0.20405299698076992
0.07667460737826673	0.15248689855686173
0.07794860542018676	0.1312123170667424
0.07923960105318308	0.12100674865109598
0.08052034359257142	0.11487957231401852
0.08179325874407341	0.1106877189091086
0.08307824738120274	0.10761982374856444
0.08436455474689816	0.10527850463108307
0.08565372990259307	0.1034399343155262
0.08693970783213019	0.10196399381524668
0.08821833338140804	0.10075377007372074
0.08965628262859032	0.09974855473699287
0.09109119693544866	0.09892120507159316
0.09239253280469283	0.09825461578735456
0.09368239537142917	0.09772309200158694
0.09494163369935009	0.0972974294286866
0.09618942817899541	0.09695461287659357
0.09745653906355928	0.09667987551119192
0.09873836694801498	0.09646462761101403
0.10002406134866397	0.09630360648296295
0.10130158182136512	0.09619322334784439
0.10257948286968009	0.09613092106795607
0.10386146150782394	0.09611520992475231
0.10514349926560078	0.09614646018997416
0.10642465088380941	0.0962269204923577
0.10785595158419563	0.09635845815364161
0.10928840746101022	0.09654030478096337
0.11056975963763606	0.09677092540340808
0.11184854781564506	0.09705188894044416
0.11312258081898753	0.09738826049169433
0.11439730965217641	0.0977861267242233
0.11567816218434002	0.09825186835042375
0.1169599743181437	0.09879290099792343
0.1182349916575358	0.09941751839665722
0.11951295538087622	0.10013558674177704
0.12079122496217652	0.10095953364957976
0.12206880442326773	0.10190542312157584
0.12334580473497221	0.10299716360112732
0.12462777453066534	0.10427361988828798
0.12591273707569797	0.10578647423649475
0.12735749705456267	0.107575851656089
0.1287906036870057	0.10965426020360396
0.13007723987323944	0.1120421216033457
0.13135416993667312	0.11481693218538973
0.13263066216755504	0.11812340650235281
0.1339082188267627	0.12218387750856072
0.1351827106768613	0.12738407655857198
0.13646070419907916	0.13452789933322773
0.13774018610720382	0.14526026362885225
0.1390208854791848	0.16163447965935934
0.14030491096307252	0.18269566965677608
0.14158187661791763	0.20047992588485408
0.1428591014471028	0.2046101331984978
0.14412507822791412	0.1939057212133371
0.1454083334299717	0.17764759905668584
0.1468426163267641	0.16456832352776188
0.14828232248610584	0.1566764091364975
0.14956406467142452	0.15231199434044274
0.15083924889018968	0.14979877724646848
0.1521188111772307	0.14825553751065992
0.15339879647299207	0.14728822779674539
0.15466903665270326	0.14671309955217018
0.15595867869534433	0.14643121848684162
0.15723310661446865	0.1463822796071168
0.15850964395964579	0.14652680640898716
0.15979363591975568	0.14683720927940763
0.16107086608233367	0.1472959784644697
0.1623499547760414	0.14789737701509714
0.1636302758715243	0.14864339492988005
0.16506108566140756	0.14952862662109667
0.16649172109842936	0.15053061795622028
0.1677720171935889	0.15162595051168604
0.16905038852890114	0.15280935244061486
0.1703328495900436	0.15408742094787603
0.17161386371017834	0.1554662002603945
0.1728897335034475	0.15694978258139547
0.17416959071655685	0.15854041517315162
0.17545354290705398	0.1602391134264876
0.17672958634105407	0.16204775486901865
0.17800373189082033	0.16396995032129028
0.17928570258213072	0.1660111771065441
0.18056670170975833	0.1681826824870132
0.18184219719066982	0.17051111905085797
0.18312260395080426	0.17303267741557074
0.18456531878131655	0.17575156432991842
0.18599920084440352	0.17861554814021707
0.1872825382946861	0.1815679309441435
0.18855948004381173	0.18460484990730663
0.18982871303693138	0.18775910225431175
0.1911097398720864	0.19105987149987125
0.1923805369086183	0.1945235053265417
0.19365505934073313	0.19816173516242866
0.1949374872018593	0.20198449379983532
0.19621782606778412	0.20599946808054492
0.19749662275113425	0.21021594069827187
0.19877551968998347	0.21465022548706145
0.20005703738894837	0.2193356474592068
0.2013371044043388	0.22434287334015737
0.20261151490543874	0.22977101430777944
0.20405465654786928	0.235663601679423
0.2054881362703348	0.24196157478365285
0.20676717686595067	0.24862686528963357
0.20804865530936698	0.2557765043731752
0.20932139300792463	0.26357732451241955
0.21060183435530153	0.2717829145727186
0.2118757270189828	0.279061399898165
0.21315174713933285	0.2831368862933322
0.21443571234220124	0.28256819181985793
0.2157156673908391	0.2783207115483777
0.216992129437527	0.2728088395912338
0.2182726923339313	0.2678087709621334
0.219551930950153	0.26381974087722704
0.22082878039717563	0.2606904263853295
0.22210606537403504	0.2581828038462234
0.22354327115038683	0.2561477535675351
0.2249839776974415	0.25452117455392664
0.22626420607109135	0.2532620036278421
0.2275388079243419	0.2523117382933454
0.22881490116583508	0.25160817807798697
0.23009200076803077	0.2511069256586377
0.23137338553832534	0.2507808173997097
0.23264640919553314	0.25061134684077613
0.2339237143231349	0.2505838722257382
0.23520768029839667	0.2506861010586998
0.23648309294445025	0.25090776650231206
0.2377687292568838	0.25124151767582187
0.23904222980297427	0.25168528853327893
0.2403189895494747	0.25224087070031753
0.24176048823218402	0.25290273649622874
0.24319875181569595	0.25365047717853195
0.2444742113343939	0.25446173551678597
0.2457530688536083	0.2553276443952073
0.2470344648924548	0.2562488308469253
0.2483118231452763	0.25722503437182936
0.2495876325736237	0.25825317577285645
0.25086209085396965	0.25932926483369634
0.2521441425921678	0.26044880101567114
0.2534202914047679	0.26160686853484594
0.25469663529951625	0.26279883809409643
0.2559787868675992	0.2640206015790743
0.25725998427675584	0.26527038122051405
0.2585367927396407	0.26655359914584315
0.25981317036511964	0.2678798138436185
0.2612533601800627	0.26924209698600443
0.2626871387622364	0.2706063228234691
0.26396903115087533	0.2719379230245793
0.2652472917725359	0.2732285464203704
0.26652711030700005	0.27448617486104865
0.26780192527798974	0.2757157565741938
0.2690766028895255	0.27691539970005374
0.2703596790974407	0.27807952621068316
0.2716343972900366	0.27920097082845236
0.27291366344026907	0.2802721345258485
0.27419266613603654	0.2812849550810571
0.2754733054603889	0.2822305830395955
0.2767505001086202	0.2831001494673595
0.27802636257300567	0.28388522004385647
0.27931142144678334	0.2845727247204636
0.28074307476069577	0.285132529049439
0.282185830378598	0.2855109327495622
0.2834643458720553	0.28564600017608405
0.28473804346942255	0.28550062661129105
0.2860188584121843	0.28509170338458384
0.2872973078990899	0.2844881469003456
0.2885747153419212	0.28377420961704164
0.2898491914555727	0.2830134256910112
0.29112733381518485	0.28224071795729444
0.29240638536020086	0.2814725509830296
0.29368234401754506	0.2807163989007935
0.29496226073889903	0.27997429020111236
0.2962451170364365	0.27924282027842395
0.29751833214634327	0.27851571931946906
0.2989562927118048	0.27779427715505245
0.3003961244135386	0.2770929123202661
0.3016771503518702	0.27642551489673656
0.3029547451867362	0.27579170132832675
0.30423357303279347	0.27518230327680615
0.30551016641654105	0.2745899126779324
0.3067894455826502	0.27401091915375475
0.3080668856246376	0.2734433700818989
0.3093452243725934	0.2728856447016298
0.31062366451509593	0.27233619857035674
0.3119038916063024	0.27179353797496647
0.313179355938277	0.27125574308830436
0.3144525580083051	0.2707193263298655
0.31573966124563985	0.270177937730005
0.31701223372496895	0.26962404750500235
0.31845184337624216	0.26905681027602035
0.3198893692282629	0.2684863069318851
0.32116538365351616	0.2679227923391022
0.3224488427841257	0.267365728012598
0.32372317107561166	0.2668078420768749
0.32500186329597497	0.2662431209051747
0.32627795246559954	0.265668361157403
0.32755534079655796	0.26508179847168667
0.32884236051671856	0.26448242566060215
0.3301161663353063	0.263869409889224
0.3313927330698104	0.26324151421081654
0.3326790972775063	0.2625972875790561
0.33395602169027194	0.2619340733983216
0.3352349314483613	0.26124495332898456
0.336507852415481	0.26052033003335096
0.33794831238679907	0.2597596867290917
0.3393850132231698	0.25897817516009813
0.3406609760331467	0.2581917209725688
0.3419422258603506	0.2574015314368312
0.3432189544386437	0.2565995412996488
0.34450025276989255	0.2557796066482526
0.3457760559078499	0.25493956130344775
0.34705498041896754	0.25407888656350724
0.34833372366943377	0.25319756722320597
0.3496126177808616	0.25229593222140706
0.3508917672026599	0.25137437540983154
0.35216741930574424	0.2504326406153454
0.3534473527028342	0.24946804888793073
0.3547270849818442	0.2484726503699635
0.3560053780445159	0.24743607097079415
0.357439935275844	0.24636098115471242
0.3588793851908965	0.24527146487855744
0.3601556320613522	0.24419221979023428
0.36143713975785646	0.2431269924700465
0.3627152511222793	0.24206606906880612
0.36399243475365994	0.24100198827975117
0.36527602021443584	0.23993288290648385
0.3665506179572935	0.23885923729256642
0.36782909559931043	0.23778160125697417
0.3691076643564558	0.2367003562221925
0.3703863195954973	0.23561530856649146
0.37165746961876095	0.23452326669727377
0.3729441900199435	0.23341498591606574
0.37421927104140845	0.23227855526681707
0.37565149565270367	0.23111541133016825
0.3770939517294368	0.2299494931878974
0.37837951913727663	0.22880589645474225
0.37965172912745804	0.227687257331807
0.38093286725602465	0.22658132186341065
0.38221302107559324	0.22547868858209186
0.3834866597598303	0.22437616312429182
0.3847639706177174	0.22327270407125635
0.3860416253167161	0.22216775859737703
0.3873211763324804	0.22106137283549648
0.38860103177900585	0.2199539567402059
0.38987911942470166	0.21884524204513767
0.3911551316488794	0.21773192836431643
0.3924388315830885	0.21660450244382323
0.39371175750119086	0.21545057043387233
0.39515231367165765	0.21427176836993517
0.3965884361517943	0.2130925746492313
0.3978635590158031	0.21193755433825417
0.3991517597152641	0.21080873044414877
0.4004208656117357	0.2096940009828634
0.4017030594365771	0.2085836481757224
0.4029803439650118	0.20747408947741208
0.40425893361341614	0.20636496374104957
0.40554231851889117	0.20525695284959986
0.4068161022457241	0.20415052449964816
0.40808979399647133	0.20304512937527236
0.4093724227380592	0.2019396594203455
0.41065212293878983	0.20083131939106214
0.41192844357066205	0.19971124499353726
0.41320541261967486	0.19856704915116075
0.4146483116012742	0.19740049183441877
0.4160812715356697	0.19623630243486515
0.41736243920919947	0.19509912671340662
0.41864386733444375	0.19399086983465735
0.41991312390452185	0.1928990457364858
0.42119803092066516	0.19181407188291152
0.4224793195673539	0.1907332036078034
0.4237472523799963	0.18965607328563727
0.42503164448394465	0.18858221803555258
0.42631086112323724	0.18751177521784312
0.4275887904184991	0.18644476737210974
0.4288645670768098	0.1853781897344995
0.43014775535524297	0.18430308954660024
0.43142374727039307	0.18320815291843656
0.4328639161986063	0.1820954541285319
0.43429546226411825	0.18098816012672037
0.4355774467052086	0.17990914543254788
0.43685535110157464	0.17885997291643152
0.4381336437537253	0.17782908141686632
0.43941226253642096	0.1768076531454386
0.4406898244994624	0.1757926323496008
0.4419678298323918	0.1747834167345343
0.44324510257677235	0.17378005748949946
0.44452745888407097	0.1727829617755145
0.4457997217860581	0.17179225736440967
0.44707657393031025	0.17080678474534491
0.4483536293020305	0.16982303340686256
0.4496415738644424	0.16883323753698637
0.4509180605545317	0.1678277670570757
0.4523544008603452	0.1668086124003051
0.4537922805070115	0.1657968257921556
0.45507238161719415	0.16481346581554168
0.45634803142653463	0.1638598229366671
0.4576252000525781	0.162924683832113
0.4589041037073709	0.16199948094495248
0.4601848660078963	0.16108151216902636
0.46146419144738643	0.16017069592480543
0.46274186394535227	0.1592672773856429
0.4640209652222804	0.1583712376973402
0.46529671449664955	0.15748233366979747
0.46657732098366894	0.15659997645956747
0.4678558543761685	0.15572179108245088
0.46913389576766773	0.15484072423651848
0.47041214487749494	0.15394734745757616
0.47184881802627754	0.15304298913378184
0.47328496935939685	0.15214638788028534
0.4745667050468601	0.15127634148422187
0.4758461718742371	0.15043429732486002
0.4771203825682434	0.14961063204069908
0.47839879221869336	0.1487976844968268
0.4796783092509899	0.1479927350534257
0.4809555989463891	0.1471953804855048
0.4822325670720571	0.1464057233359134
0.48351673083013974	0.14562404601510992
0.48478700421592014	0.14485029057415993
0.486061374275616	0.1440834250241755
0.48735050213947084	0.1433210590982514
0.48862429369920046	0.1425574312871557
0.4899024451396349	0.14178457447110668
0.49134193081682037	0.1410036901779233
0.49278258802992164	0.1402314796076951
0.49405941766585154	0.13948450164442053
0.49533028243446836	0.13876323998575119
0.4966036905402548	0.13805821694282358
0.4978897830217295	0.13736259332389708
0.499168439796963	0.13667463681664913
0.5004480419572133	0.1359945216426138
0.5017300262388912	0.1353225155514694
0.503006727216203	0.13465864294147842
0.5042820745912092	0.13400223318864665
0.505561909554558	0.1333510054264823
0.5068430693795829	0.13269958842284693
0.5081208246633115	0.1320413721134991
0.5095639435323464	0.1313777865417515
0.5109933169737918	0.1307226798178444
0.5122751094887372	0.13008937759428768
0.5135538912986339	0.12947842891881192
0.5148298859758978	0.12888268238177086
0.5161094210589602	0.12829668374204328
0.5173880922909835	0.12771850195579612
0.5186643481229787	0.12714776145486978
0.5199472919692685	0.12658446932099
0.5212215461573521	0.12602866589160397
0.522500570729652	0.12548021566073492
0.5237793923017436	0.12493869997745333
0.5250563929811202	0.12440257603479897
0.5263368418339297	0.12386750864245805
0.527612523367405	0.12332783353265225
0.5290514154008604	0.12278440846588556
0.53048735946499	0.12224855693533597
0.5317691144692973	0.12173148405079547
0.5330430090485719	0.12123371175862893
0.5343217152340589	0.12074910991044993
0.5355989170335027	0.12027301029996215
0.5368820069404806	0.1198039221221039
0.5381604590772687	0.119341769826573
0.5394369848485184	0.11888659989360276
0.5407173155218147	0.11843832037452946
0.5419930084182621	0.11799675304555478
0.5432690538849109	0.11756145040018642
0.5445506287592241	0.11713110519041806
0.5458305638794198	0.11670233208141133
0.547103012677323	0.1162705574782542
0.5485435597715549	0.11583633648101917
0.5499875509377005	0.11540887720074536
0.5512649690737239	0.11499730826210652
0.5525332013598991	0.11460177877074199
0.5538202858805309	0.11421718137404173
0.5551032430078823	0.11384012555673441
0.5563757581389566	0.11346967318088073
0.5576554032336244	0.11310546801080021
0.5589308697796612	0.1127471485481644
0.5602074704298413	0.1123944920752028
0.5614948122751116	0.11204752287514219
0.5627657620034708	0.11170619891375204
0.5640471222644813	0.111369584300046
0.565327474137073	0.11103496757938285
0.5665980935418368	0.11069876425636717
0.5680344940777617	0.11036127566855247
0.5694740689007763	0.11002932725809575
0.5707538191451373	0.10970981016267548
0.5720326115114783	0.10940312156971226
0.5733169959950692	0.10910575994776243
0.5745954493554575	0.10881510954644324
0.5758625991334592	0.10852998902665385
0.577144135350435	0.108249774825182
0.5784270887693116	0.10797435568439347
0.5797072169470435	0.10770392986750539
0.5809795719017015	0.10743838340177769
0.5822603260408833	0.10717680810103984
0.5835425276564413	0.10691703121373297
0.5848132596021512	0.10665632197802674
0.5862583962548918	0.10639508620488097
0.5876940465816116	0.10613878991563803
0.5889736977850597	0.10589275785940253
0.590248091728713	0.10565712188820522
0.5915328112557378	0.10542894574655885
0.592803613203317	0.10520601064717307
0.5940845848173772	0.1049874506891335
0.5953667487823339	0.10477308255572017
0.5966436410610896	0.10456292821433984
0.5979210566143611	0.10435695250810478
0.5992023446268094	0.10415507501542297
0.6004774707503017	0.10395715918629597
0.6017581966708745	0.10376260807319088
0.6030282266403427	0.10356975505400562
0.6043139165040834	0.10337649739396507
0.6057462332787726	0.1031831481657526
0.6071865486605073	0.1029937192790128
0.608467341095038	0.10281213309055925
0.6097453737994465	0.10263855850056491
0.6110230966534683	0.1024708389244456
0.6122992899107265	0.10230729118667693
0.613580170252146	0.10214728446821286
0.6148557111535127	0.10199067605672445
0.6161367297706524	0.10183742096298844
0.6174103803101622	0.10168744490970935
0.6186901631359218	0.10154062837013697
0.6199678507911801	0.101396819889748
0.6212513399352924	0.10125564231949225
0.6225282989084385	0.10111602399557965
0.6238050814681823	0.10097649612245736
0.6252409736446752	0.1008372165586313
0.6266817662088159	0.10070102650954904
0.6279580557932906	0.10057073473994241
0.6292385587966018	0.10044641928641543
0.6305124564643542	0.10032647416640661
0.6317912982261328	0.1002096608895675
0.6330746892155381	0.10009555364043785
0.634352013765486	0.09998409981951961
0.635628447115816	0.09987527339592951
0.6369098471339818	0.09976899253731772
0.6381800639378209	0.09966509736718271
0.6394647553947348	0.09956323914235572
0.640748233484257	0.0994626645306816
0.6420217962446285	0.09936239002175659
0.6434515461786299	0.09926250082824713
0.6448946232409832	0.0991649517005194
0.646176760911275	0.09907174704756408
0.6474498115518845	0.09898296858784598
0.6487317465586155	0.09889747728072402
0.6500111504641392	0.09881441442196966
0.6512879013823781	0.09873347239908108
0.6525676569654311	0.0986545531322011
0.6538433000151288	0.09857758953001872
0.6551238005541403	0.09850253035943743
0.6564037003350525	0.09842935810092285
0.6576835263381953	0.0983580362718585
0.6589554138639611	0.09828832659754062
0.6602331178652768	0.0982195992890586
0.6615163311287372	0.09815111270544048
0.6629526977727568	0.09808300566330926
0.6643909809173723	0.09801669883315252
0.6656703164221561	0.09795353828617315
0.6669458467429897	0.09789352278705143
0.6682233479494539	0.09783584594117245
0.6695007156297605	0.09777991436526573
0.6707884795369771	0.09772553474450618
0.6720489025914346	0.09767263972391681
0.6733357541518954	0.0976211505069785
0.6746145982499926	0.09757102747726955
0.6758898737511353	0.09752225995495001
0.6771698092537626	0.09747480126544819
0.6784510537333619	0.09742850678428748
0.6797251231422711	0.09738300468376657
0.6810042996651005	0.09733780458233934
0.6824387748369684	0.0972929493281322
0.6838783513662042	0.09724933463747834
0.6851584855133767	0.09720784290343311
0.6864428577960509	0.0971685058661832
0.6877200380179177	0.09713082944825269
0.6889918083711813	0.09709440760095636
0.6902747693686063	0.09705906070447852
0.6915532662093209	0.09702473765243223
0.6928293020975674	0.0969914015173302
0.6941120158483307	0.0969586791035759
0.6953801575447506	0.09692349224083896
0.696666215995628	0.09687113384512014
0.697940177557227	0.0967655934496934
0.69922361718085	0.09657789249470927
