X	Y
0.050665230453260914	0.20903646676891352
0.052085860401650044	0.2335272573834521
0.05336107038129841	0.24904002250745572
0.054641851598095356	0.2597174052253716
0.055923666084809184	0.271026196899116
0.057206105487173316	0.2868945289315573
0.058471557409162524	0.3132178632774606
0.059749791772757	0.3678246075563184
0.06102260233869906	0.4982908567384965
0.062297708075402795	0.7669471102814915
0.06358419721815632	1.1318187161307882
0.06485634257657026	1.3546496149006777
0.06612302685653518	1.22427542795519
0.06740063668754379	0.849854683178656
0.06868254871915071	0.5078936747529155
0.07012525325121327	0.3198918537006459
0.07157980328582832	0.24170014349608737
0.07286710734326136	0.209387734217852
0.07414797864739978	0.19292143825504443
0.07542841785896505	0.18258741817557356
0.07670833953187733	0.17525777014734478
0.07797819331736701	0.16972005408103322
0.07925378231132393	0.16538473813040816
0.08052715718766355	0.16190750544012078
0.08180285710256059	0.15906720670921215
0.08308344943081286	0.15671516424462312
0.08436372902317105	0.15474834142587474
0.08564825967358237	0.15309028885172182
0.08693118565146332	0.15167854668175482
0.08820910809321489	0.15046201517666064
0.08964240818469987	0.1494114252904086
0.09107495186118986	0.148521891165368
0.09236734816567392	0.1477906407650909
0.09365084905333189	0.1471999812663627
0.09491409383301952	0.1467258995170847
0.09618472727311571	0.14635097962192212
0.09747231007610006	0.14606649374474617
0.09875503856535307	0.14586907959659592
0.10002584247790725	0.1457579460673096
0.10129612152009354	0.14573393953932345
0.10257305282332863	0.1458001034796607
0.10385418754734262	0.14596306516127366
0.10513750212808497	0.1462351623322123
0.10642058783079587	0.14663424531663233
0.10785611702952273	0.1471756025379953
0.10929549663679583	0.14786440505039014
0.11058029942537963	0.1487046875583819
0.1118601693159538	0.1497139921076052
0.11313558580423527	0.15092401450192686
0.11441092668627625	0.15237418804220632
0.11569110042382624	0.15411050244636637
0.1169722656434108	0.15618969489264256
0.11824360734592702	0.1586879657383026
0.11951776733786125	0.16171415184102864
0.1207949812986997	0.16543100947106623
0.12207138790794352	0.1701104055852707
0.12335020870955626	0.1763108556470675
0.12463017502065676	0.18534887242930165
0.12591199242576567	0.19981013792283092
0.127353903501264	0.2220612688065686
0.1287873520437448	0.24870766184153714
0.13007340357468777	0.26750135454279217
0.13134938442167748	0.2676100080604188
0.13262617439816674	0.2526795957277411
0.1339058656225531	0.23550215809326294
0.13517905633365254	0.22374660868175983
0.13645793379378277	0.21734586578534454
0.13773722834869895	0.21400311177206227
0.13901555858064246	0.2122313602657958
0.14029999803032986	0.21136491342951025
0.14157805118970407	0.21109891419257532
0.14285614635770727	0.21127520631670976
0.14412602591460466	0.2118103558118159
0.14540794058257903	0.21266275890785133
0.14684771325213675	0.21379794777562255
0.14828635488173803	0.2151662177534801
0.14956728929242386	0.2167202602862068
0.15084367982355823	0.21844163024780444
0.15212209391957998	0.2203343972141949
0.15340198756421639	0.22240593364873756
0.15467217700434605	0.22466102079969105
0.1559610277399058	0.22710216693422997
0.15723312583259766	0.22973233222055722
0.1585079948673119	0.23255826817135386
0.1597917289691627	0.23558936414686038
0.16107071585324642	0.23884404613333293
0.16234860309648763	0.242365350698239
0.16362923246924968	0.24621090410709143
0.16506707684099672	0.250390291409931
0.16649838213668194	0.2548291848344284
0.1677768983761522	0.2594481388564002
0.16905450213305137	0.2642478508317785
0.1703361933649209	0.26928086314002087
0.17161386264551243	0.27459111240967704
0.1728900972459833	0.2802050546082866
0.17416896082978245	0.28614199122882594
0.17545088536625075	0.29241757057453543
0.17672812351830938	0.2990481907531396
0.17800413319462075	0.3060556402966126
0.17928583247474458	0.31346925297996453
0.18056557609632098	0.3213437472752659
0.18183978516026453	0.32979963822915237
0.1831187932751423	0.3390030348200964
0.18456297818077128	0.34901132364199916
0.18599943666397617	0.3596874277305044
0.18728115224630212	0.37090485116191124
0.1885576728563497	0.3827837422049986
0.18982910593265886	0.3956632077947312
0.19111101811656925	0.4099026433932121
0.19238346529111547	0.4253639237998032
0.1936582307237446	0.4402453716453728
0.19494056666398887	0.4505757066234061
0.19621746248177677	0.4528056893902088
0.19749825737020127	0.4475439130108112
0.19877549680405318	0.4390025399835084
0.20005511911998136	0.43093836758220394
0.2013354314366666	0.4246617510853333
0.20261009098193755	0.4200057602988625
0.20405216178404836	0.4165649235687515
0.20548695246874168	0.4140872745760839
0.2067657855315405	0.4124115690845766
0.20804653212687338	0.41138534909752095
0.20932139573881522	0.41087547130555135
0.21059878562126008	0.4107911057806028
0.2118747541498775	0.41107545497248177
0.21315132701112038	0.41168937231767355
0.21443567732036084	0.41260229837772805
0.21571237657686462	0.4137889471646698
0.21699081219244507	0.4152283239289626
0.21827148054479584	0.41690366982825444
0.2195505132939169	0.418806670759732
0.22082618149344843	0.4209466416074796
0.22210493863602634	0.4233440203222742
0.22354245245636103	0.4259883624544881
0.2249841557647292	0.4288124102842781
0.22626158502870422	0.43174330977941033
0.2275381875707486	0.4347610835206061
0.2288154669343933	0.43788235248138846
0.2300910845282056	0.4411191830945084
0.2313700970064162	0.4444697161552351
0.23264391511141372	0.4479263103483388
0.23392359587730274	0.45147992067961845
0.2352057108107503	0.45511962597986294
0.2364829662270582	0.45883447569862323
0.23776632374280077	0.4626226589372671
0.23904014357616354	0.4665055767177141
0.24031841280821098	0.4705164911117474
0.24175832584943338	0.47463698522068604
0.24319817183008166	0.47876451326092156
0.24447344056463827	0.48279594944001336
0.24575218667690973	0.4867100312891009
0.2470324973835847	0.4905343589186985
0.24831009708085236	0.49428362338638054
0.24958901643615622	0.4979496168136588
0.25086237686431306	0.501514509712169
0.25214325303116747	0.5049565288202278
0.2534202620018194	0.5082493071615186
0.2546973195233693	0.5113604525509494
0.2559786631641426	0.5142461328651935
0.2572599715198369	0.5168383334047759
0.25853519946614784	0.5190297979690426
0.25981573994709495	0.5206820265190777
0.26125441997089066	0.521695507598104
0.26268833517324913	0.5221096719671449
0.2639702152191455	0.5221073052261445
0.2652470618146456	0.5218989881958289
0.26652632125108633	0.5216257989454249
0.267802904125731	0.5213549695339579
0.26907700162505155	0.5211143520142317
0.27035783737910424	0.5209160640404441
0.2716367084055209	0.5207657899061178
0.2729162047002873	0.5206658912955759
0.27419338910776	0.5206166473945837
0.2754708982078399	0.5206170564456871
0.27675073059003363	0.5206657121943585
0.2780265084936778	0.5207618521274582
0.2793078883490016	0.5209051483139008
0.2807457803809072	0.5210925999458202
0.2821850332904654	0.5213162150624875
0.2834638907356738	0.5215666824114225
0.28474047548193543	0.5218383293035336
0.28601810975849024	0.5221284313190439
0.2872980227927591	0.5224340524987028
0.2885756742703141	0.5227511896763551
0.2898513290219552	0.5230754450540516
0.2911278762814945	0.5234024254686268
0.292407461416361	0.5237277110460452
0.2936843673030983	0.5240469517881826
0.2949619468004484	0.5243563798724272
0.2962447319346529	0.5246534226699577
0.2975204733398868	0.5249357914456929
0.2989586094430478	0.5251979392555804
0.3003955781413796	0.525429867510442
0.3016773031610611	0.5256225675624948
0.3029535642087617	0.5257725432255418
0.3042344774584381	0.5258793221195568
0.30551312780800277	0.5259416831440276
0.3067898921548925	0.5259571439721435
0.308067445468747	0.525922834388606
0.3093452486141941	0.5258359801009884
0.31062406746709753	0.5256940544987334
0.31190397197693986	0.5254947694027026
0.31317759731931266	0.5252357055854844
0.31445383353241685	0.5249132195438868
0.31573900651667663	0.5245206858449942
0.3170129468243507	0.524049601142206
0.3184509261704313	0.523497989415346
0.3198894393914234	0.5228764058792257
0.32116420205971186	0.5221978716951752
0.32244698075053063	0.5214653989297885
0.32372362071648036	0.5206749288674337
0.325002046899154	0.5198238052840853
0.3262791112012106	0.5189130830511991
0.3275549042083477	0.5179464743226602
0.3288404697233592	0.5169294983304235
0.33011621927063584	0.5158681610795066
0.3313927777848593	0.514767496892355
0.33267989080449617	0.5136313009262838
0.33395482202606963	0.5124599494075369
0.3352316284865175	0.5112452013941154
0.33650739951583597	0.5099737218457897
0.3379465329558025	0.5086480457557967
0.3393872710026106	0.5072976478706255
0.34066084498646954	0.5059523142600352
0.3419400235228818	0.5046150493445787
0.3432194294098307	0.5032723566221103
0.34449948364657434	0.5019141956372999
0.34577453286943216	0.5005372126437522
0.34705631530076403	0.49914074995704516
0.34833422505894546	0.49772498463662823
0.34961286024474514	0.496290242056223
0.3508914862555034	0.49483649026118054
0.35216795866628176	0.49336253148367093
0.35344623295603234	0.491863230506981
0.3547262949847073	0.4903250181074453
0.3560063433008248	0.48873023715724534
0.3574380458045592	0.48708049339229215
0.3588795156721493	0.48540950527565635
0.360155385417085	0.48375204192974747
0.3614369488143225	0.48211119590752155
0.36271305857420005	0.4804696410840253
0.3639913825800402	0.4788139284597985
0.36527563528780316	0.4771398492296683
0.36654819949920353	0.47544698659636553
0.36782745842304093	0.47373498851150103
0.3691076714600987	0.47200373252642897
0.37038654298699825	0.4702526473482257
0.3716576415360081	0.46847622804716177
0.3729462602838246	0.4666588177570312
0.37421901756208514	0.46478012391091816
0.3756521946435718	0.4628420176080793
0.3770944270717593	0.46088438237203594
0.3783774465960878	0.458949477391253
0.3796505571345919	0.4570421177664965
0.38093121039725203	0.455142290418337
0.3822101759415774	0.4532346650765916
0.38348504470013167	0.4513141617157781
0.3847615915071784	0.4493794933002702
0.38604242323710974	0.44743052326344696
0.3873196032078894	0.44546803991763617
0.388600073085489	0.44349302056549084
0.38987929101195734	0.4415052316648491
0.391155099541834	0.4394991180933049
0.3924384294170694	0.4374576168865116
0.39371408270894614	0.43535835504531206
0.39515313758215986	0.43320487167013955
0.39659210787589677	0.43104286689032306
0.39786693606686957	0.42891806139923205
0.39914720491678796	0.42683369638417024
0.40042304568429826	0.4247669817060318
0.4017055337895414	0.42270118205487117
0.40298231059370987	0.42063118255687393
0.4042584581278766	0.41855625435759064
0.4055411371231591	0.41647671655764923
0.4068163634906124	0.41439334420507495
0.408093231587953	0.4123062610786056
0.4093718829114899	0.41021418478160926
0.4106499877081931	0.40811100660798016
0.41192598188161134	0.4059785046465417
0.413204541120859	0.40379269896899384
0.4146487883152939	0.40155761893588926
0.41608148540273654	0.39932119937621646
0.41736097124124694	0.39713058877848
0.4186438277997883	0.39498937660241906
0.41991515577390004	0.39287400726043464
0.42119458874346133	0.3907658601908264
0.4224770381966719	0.38865872816841096
0.4237496457024851	0.38655200851011884
0.42503154582679953	0.38444573980755575
0.42631058886199935	0.38234016259563286
0.42758756065303827	0.38023462768082084
0.4288670525394388	0.3781231913118398
0.4301477705145478	0.37598833724974007
0.43142269622998863	0.373806900751865
0.43286269988894716	0.37158219789523717
0.4342985113545543	0.3693607754366781
0.4355758478691889	0.3671890500025129
0.43685662371920947	0.3650702025288488
0.4381331428063919	0.3629809580646955
0.43941361648927746	0.36090372940525584
0.4406897791528315	0.3588324784477198
0.4419692454978091	0.35676615273461054
0.44324761950156366	0.3547051620449173
0.444527145772963	0.35265032664191076
0.4458009413802737	0.35060167704467915
0.4470791713989296	0.34855724375649777
0.4483558525315001	0.34651032727122355
0.44963857701412857	0.3444441153565101
0.45091697151710686	0.34233720289706704
0.452353885660099	0.34019341985636764
0.45379040031712525	0.33805736947430354
0.45507244182988366	0.33597379835023566
0.456349454889955	0.3339461259098968
0.45762662643558727	0.3319513897516536
0.45890432257417396	0.3299716758054865
0.46018644336503345	0.3280012825637436
0.4614645833248417	0.3260401613482964
0.4627401536272125	0.32408867181111667
0.46401970498967626	0.32214636431024035
0.4652945241825676	0.3202125292985132
0.466575699024876	0.31828605852805314
0.46785593562650196	0.31636212651948914
0.4691320273877557	0.3144252955089417
0.4704107048613002	0.31245437009699184
0.4718487706469818	0.3104521254845892
0.47328540886155557	0.3084603875838904
0.47456592268648273	0.30652110468168803
0.47584644412640964	0.3046376028186025
0.4771212469137252	0.30278879708510065
0.478398617599403	0.3009580218659077
0.47967957960607766	0.2991393850560756
0.4809532160704113	0.2973318210206952
0.48223272734151784	0.29553520275001577
0.4835145291317455	0.29374999076507846
0.4847872493642172	0.29197640144462406
0.4860651107868635	0.29021294433660016
0.48734852759171793	0.28845432936860094
0.48862192991691844	0.28668627783050904
0.48990459374617584	0.2848898137012046
0.49134136794247324	0.2830681465567159
0.4927810878530491	0.28126030466541346
0.49405995665807706	0.279504896936376
0.49533065278374516	0.277803552538778
0.4966048658602198	0.2761346716602513
0.49788872395931383	0.2744823077435873
0.4991675211422045	0.2728422024462498
0.5004485958367295	0.2712147587077456
0.5017271206428204	0.2696005835698238
0.5030061248473537	0.26799964720434066
0.5042831832752269	0.2664107186745879
0.5055622692209162	0.26482873159740106
0.5068415625745193	0.26324034302762767
0.5081210872373895	0.261628866627467
0.5095646777903489	0.2599977699471381
0.5109935498690976	0.25838131466605563
0.5122761757833536	0.2568125557010802
0.5135560678617827	0.2552933248560467
0.514831428635933	0.2538065196016617
0.5161106665960784	0.2523387222373248
0.517384717122884	0.25088460583466227
0.5186659142158679	0.2494428678085209
0.519947642655108	0.24801394178449754
0.5212242705897762	0.24659862698759705
0.522502317919817	0.24519702419953038
0.5237814220306487	0.24380815298748293
0.5250559784720269	0.2424277181523812
0.5263360932306728	0.2410439568603009
0.5276128231721452	0.23964194990437193
0.5290530046158427	0.23822426691581705
0.5304884021152199	0.23682075574733086
0.531766795290125	0.23546059090563248
0.5330465868742438	0.2341452545978726
0.5343232291018878	0.23285934199930686
0.5356011056765818	0.2315910437030459
0.5368823851425578	0.2303363956390641
0.5381622603104433	0.22909514690767535
0.539437558387637	0.22786746245755524
0.5407163166163929	0.2266529894501303
0.541993860712676	0.2254512351294657
0.5432715914872821	0.22426138994275868
0.5445518718141414	0.2230802067574783
0.5458299569621169	0.22189817955951224
0.5471055282036406	0.22070249607973014
0.5485446695025612	0.21949481701516677
0.549985258056432	0.21830056428771416
0.5512626482803316	0.21714495511874154
0.5525389568267252	0.2160290841054751
0.5538192026176874	0.2149395135756193
0.5550996914811248	0.21386657669018044
0.5563772093915119	0.21280731723614144
0.5576544261466445	0.21176102936473418
0.5589281651172632	0.2107269629963836
0.5602087908617814	0.20970460054048567
0.561490981034618	0.20869411539997806
0.5627638320630648	0.2076952315236071
0.5640437069380074	0.20670498279387223
0.5653266349215343	0.20571539895092228
0.5665990285598268	0.20471611542522994
0.5680345179422098	0.2037082768368988
0.5694750873920572	0.20271239411936426
0.5707548815892349	0.20174929944144182
0.5720332415510343	0.20082037126045343
0.5733139126126652	0.19991494245718178
0.5745934866838821	0.19902499576415295
0.5758670670484275	0.1981474601969951
0.5771440485765943	0.1972810829508262
0.578425071446314	0.19642544066569728
0.579706310429541	0.19558080642373654
0.5809809690811424	0.19474697717410586
0.5822592903603537	0.19392140731389618
0.5835416865784442	0.1930972160065778
0.5848134766414983	0.19226558309189593
0.5862554323334379	0.19142771306581854
0.5876926659328815	0.19060108537664106
0.5889723814275112	0.1898029962385045
0.5902483650317781	0.18903425066193497
0.5915319048290525	0.18828570772223227
0.5928047128837903	0.1875504279723448
0.5940845422355959	0.186825796251428
0.5953661324958375	0.1861112717679955
0.5966412838653443	0.1854067792921835
0.5979184980103665	0.18471206005950835
0.5992035013051044	0.18402702981761362
0.600478870170507	0.18335168263289423
0.6017595728229265	0.18268428461635838
0.6030290413466042	0.18201901698171175
0.604311091329103	0.18134827228538697
0.6057470266514862	0.1806729649672706
0.607186254534405	0.18000727657729707
0.6084668061486846	0.17936525071172388
0.6097473533524452	0.1787477750048114
0.6110217623823849	0.17814746788534372
0.6122991894283336	0.17755845526346564
0.6135805954328016	0.1769785624976651
0.614854989624925	0.17640736873288013
0.6161373788429413	0.17584482782683586
0.6174135516760549	0.1752909408244462
0.6186922031635713	0.17474556688376866
0.6199674279953183	0.17420817660819013
0.6212500949568579	0.17367716889339735
0.6225276611911952	0.1731483304898374
0.6238027287633765	0.17261602809623694
0.6252426293656329	0.17208097757400495
0.6266813025548349	0.17155434435395606
0.6279602026985144	0.17104721078749138
0.6292373878209803	0.17056005039572597
0.6305124001949141	0.17008673999792445
0.6317909124356483	0.16962257311493298
0.6330733036181312	0.16916599482031444
0.6343503305440612	0.16871688401103288
0.63562913244039	0.16827526057972575
0.6369067637392197	0.1678409205101431
0.6381806176183349	0.1674133049641748
0.6394635121775162	0.16699104847027707
0.6407459912214692	0.16657094597067498
0.6420195330547164	0.16614873923632856
0.6434545617156018	0.16572489594905995
0.6448957544361603	0.1653080051301522
0.6461775919109084	0.16490680779360653
0.6474510664203016	0.16452176284367642
0.6487311798970794	0.1641480745636661
0.6500093097039916	0.16378209075998945
0.6512882037958367	0.16342257997466103
0.6525689353603509	0.163069342195624
0.6538429236125112	0.16272227086214552
0.6551220811613206	0.16238114021516023
0.6564005255713663	0.16204578229519334
0.6576825697223607	0.16171606322020793
0.6589579697621636	0.16139111513533155
0.6602354170777734	0.16106820901807645
0.6615144830581671	0.16074379359551744
0.6629511898459014	0.16041835707111674
0.6643921841854729	0.16009871598117106
0.6656701758681635	0.15979153814845193
0.6669458451280429	0.1594970128562364
0.6682254839940995	0.15921143858585923
0.669504535952542	0.15893215267924896
0.6707855243188704	0.15865831935235356
0.6720521949963626	0.1583896191975007
0.6733325981453737	0.15812566931582214
0.6746114551655964	0.1578662608662044
0.6758919508772363	0.1576114169226221
0.6771707594895676	0.15736108383342154
0.6784513574037235	0.15711461931200837
0.6797301509963334	0.1568700774997532
0.6810055340008896	0.1566248332109873
0.6824399355840282	0.15637911612019825
0.6838803917520353	0.15613789416046944
0.6851603526367201	0.15590617125264822
0.6864389280399911	0.15568419530003735
0.6877168843865138	0.15546923056639497
0.6889943526831147	0.1552591655854923
0.6902775910415213	0.15505325538387424
0.6915512356299074	0.15485132562264803
0.6928314276836994	0.15465303746285747
0.6941119302515084	0.15445456750328213
0.6953845953479619	0.15422337734512115
0.6966656914807529	0.15380253732997368
0.6979387588992162	0.1528056970008815
0.6992208240769235	0.150915833545112
