X	Y
0.050647623846367826	0.06338219712661479
0.05208416006095464	0.08021233637844251
0.05336174907492543	0.09497364889461762
0.05463567677398312	0.10847864670519651
0.055915701315113656	0.12226191035245625
0.057195096667887066	0.1370014025438206
0.05847136240198	0.15281636697872403
0.05975435642349184	0.1696766561819857
0.06102045953681885	0.18754964321090684
0.06228836082148848	0.2064598051844322
0.06356375798692884	0.2265123697386079
0.06483915215579289	0.24778211218153787
0.0661331771463277	0.2696020990069316
0.06743064066320678	0.2891265871922238
0.0687238090088168	0.3017458200329522
0.07018149185858259	0.3056508468089977
0.07158731467688377	0.30454772691065396
0.07284819557328061	0.303377462131001
0.07413702985199337	0.30413251554765824
0.07542862494307327	0.3065773430732296
0.07671223269893276	0.31009578152441525
0.07797681312250855	0.31428519197215504
0.07925536568896219	0.3189170675127479
0.08052640184884727	0.3238466305591611
0.08181109152071338	0.3289637049996073
0.08310409305688703	0.33417209256808783
0.08436785321738055	0.3393941952084274
0.08564400965780886	0.34458496287200974
0.08691731348473895	0.349735523521654
0.08819197001495868	0.3548526748380073
0.08960066475514679	0.3598952611029643
0.09103960754883636	0.36473395304341294
0.09236123982256596	0.36922477394779074
0.09365024549735612	0.3733062071370965
0.09490678257015348	0.37699484467558414
0.09617358318530837	0.3803240300234549
0.0974442751197406	0.3833072436160285
0.09873920180518751	0.3859340111509102
0.10003807691244672	0.3881808717707097
0.10131675268978636	0.3900268336579093
0.10259675178320095	0.39146146483917105
0.10387663341410784	0.39248024994627145
0.10515965778752344	0.3930761619003472
0.10643395406536856	0.3932370568837163
0.10786301457146069	0.3929540248341348
0.10929150783392969	0.3922345536793701
0.11057410495502128	0.3911007515285667
0.11185898544459996	0.3895735071778334
0.1131378695573885	0.387665871929409
0.11441457871492311	0.3853878303567426
0.1156923493108572	0.38275048623403
0.11697101618054051	0.3797669470853863
0.1182448617388538	0.37645093867317864
0.11951998920914265	0.3728152803010592
0.12079738553607644	0.3688719585288447
0.1220727047345719	0.36463074117645405
0.12335471478804683	0.36009024759633246
0.12463573096509412	0.35522100065085016
0.12591449741150187	0.3499770849962094
0.1273491489113318	0.344375986021657
0.1287831894745705	0.33854650257416435
0.13006736537482794	0.33262521201954953
0.13134255032976266	0.3266417976017998
0.13262470102133891	0.32055498288007545
0.1339084082131891	0.3143372608791505
0.13518450898765072	0.3079905329742067
0.13646307357579424	0.3015254053957652
0.13774051857735892	0.29495219125269556
0.13901880320763807	0.28828267831842014
0.14030110876607169	0.2815323822961201
0.14157861106854303	0.27471597693728744
0.14285502498260574	0.26782740778256053
0.14412334926292805	0.2608135537848214
0.1454054047450568	0.2536000856749536
0.1468396001500739	0.24620685749148752
0.14828124409030505	0.23880308853288001
0.14956274425647592	0.23156034337494874
0.15084053335127112	0.22450538793017474
0.15212230966738058	0.2175736914420793
0.15339789160843434	0.2107167447266904
0.15466891714556535	0.20392136119204635
0.15595267349979364	0.19718967433153442
0.15722091437326227	0.19052399709898363
0.1584923413028508	0.18392111120958812
0.15979187282604468	0.1773846930609273
0.1610820058189155	0.1709230489337556
0.16235600380190743	0.1645091396175905
0.16363140193779613	0.15808297982614583
0.1650700871819978	0.15165477630782678
0.1665017257989782	0.14536023390626407
0.1677838270839262	0.13933468813395253
0.1690605927037468	0.13358988148431586
0.1703395280250611	0.12806216812482865
0.17161679176081468	0.12270383594444151
0.17289315838655817	0.1174996566933717
0.1741713465731493	0.11244863806787242
0.17545118961328127	0.10755394016769715
0.1767268437892439	0.10281900773448811
0.17800386396497714	0.098245501781756
0.17928250780308505	0.09383262808748816
0.18055881968438825	0.08957002185303367
0.18183235659596494	0.08542426305665675
0.1831114392883123	0.08135329095411918
0.18456482314911304	0.0773700174978446
0.18600834605359975	0.0735666589942405
0.18728247006052087	0.0700260406113718
0.18855613578467528	0.06674449666423678
0.18983079809864975	0.0636706532653684
0.1911123382969447	0.06076812153878744
0.19238516413619505	0.058023936931432894
0.19366142883969345	0.05543319710021455
0.19494260203548047	0.05299256210637479
0.19622016292961222	0.050699793442704484
0.19750007867847494	0.048552397183216224
0.1987764517806357	0.04654633578689732
0.20005998244305467	0.044674213232900585
0.20133618140870885	0.04292143290639048
0.20261377550832468	0.04127038817920785
0.204051071051614	0.039721933704672
0.20548921411424176	0.03830408548555302
0.20676552042882246	0.03704104654968962
0.20804630296426663	0.03592663142083671
0.20932373055071532	0.03493830515417979
0.21060095977264728	0.03405874742829293
0.21188003396122737	0.03327883717016838
0.21315349771640357	0.03259277646505995
0.21443523685299204	0.031995555493084256
0.2157147951555307	0.031482540803174044
0.21699125701664024	0.03104916390716844
0.2182699543584001	0.03069064512911407
0.21954934649096539	0.030402041415162246
0.2208233458133844	0.030178311092407453
0.22210474723469883	0.03001488269220516
0.22354508839202966	0.029908662804037294
0.2249817018771086	0.029857297067321594
0.22626093613144996	0.02985682648564955
0.2275352046337523	0.02990135386134818
0.22881610203273464	0.029984892207351288
0.23009166912138265	0.0301024581266346
0.23137116238562558	0.030249868584864833
0.2326449352718506	0.03042336928045397
0.23392246004750789	0.0306194270469894
0.23520766277155375	0.030834547229285497
0.2364836331781225	0.031065373082008022
0.23776579220864288	0.03130936390567407
0.23903983686337096	0.03156575999756378
0.24031782333046142	0.031834793925105284
0.24175431789564253	0.032113422554014545
0.24319565071963706	0.03239309117799453
0.24447377195089037	0.03266527099935923
0.24575792403527397	0.0329270783651346
0.247035078942165	0.03317929341247395
0.24830951473754898	0.03342234223597076
0.2495887667724877	0.033655460309853495
0.250861591413424	0.033877408541376344
0.25214121570241377	0.0340869075807225
0.2534221609142748	0.03428269759320519
0.25469902128727795	0.03446362583454164
0.2559763935444426	0.03462880084414057
0.25725808719014925	0.03477769898243502
0.2585335515032478	0.03491030930925312
0.2598137241117867	0.03502676170226025
0.2612524012791066	0.0351260322937851
0.26268820255060116	0.03520572378235788
0.26396884293202494	0.03526417235635399
0.26524334919167725	0.03530184397874054
0.26652665330374065	0.03532019760887617
0.26780253110113283	0.0353203361925812
0.2690810761345752	0.03530289829015355
0.2703577726690325	0.03526838723978844
0.2716327573070153	0.035217328002773884
0.2729136475814606	0.035150315014239576
0.2741922103569974	0.03506802210144086
0.27547026078861436	0.034971120893707956
0.27675218996756684	0.034859967817318434
0.2780282387206131	0.03473405359897087
0.2793081094352335	0.03459237926630594
0.2807490438583706	0.0344359038543083
0.28218434583054636	0.034268975671533225
0.2834640305616452	0.03409624591980546
0.2847396582972576	0.033919276844417076
0.28601876440128393	0.03373756137094233
0.28729893494234154	0.033550939450690306
0.2885736603627292	0.033360058541633215
0.28985109093124267	0.03316584521042678
0.2911290788612349	0.03296929012814046
0.29240932369032807	0.03277144113939961
0.29368555687570647	0.03257325818792679
0.2949658486595232	0.03237520874360356
0.2962433138059511	0.0321767140173907
0.29752407833839534	0.031976732757956476
0.2989568213918585	0.031776602783105054
0.3003970910474523	0.031581425143624914
0.3016778884596467	0.031396193311231044
0.3029562823822606	0.031221965520947397
0.30423464137928036	0.031057343234660695
0.30551175689303506	0.030901357701476558
0.3067867580002852	0.030754020063999507
0.3080677170680635	0.030615779404162775
0.3093469346335804	0.03048720962478366
0.3106247685015142	0.030368861181488956
0.31190145899684973	0.03026117702390218
0.3131794700840229	0.030164488093642697
0.3144554999782333	0.03007898249589114
0.31573610156974535	0.030004634803431678
0.3170126370470057	0.029941419982426627
0.3184516693239245	0.02988993598405728
0.319888545345458	0.02985143202608434
0.3211659012200154	0.029826703292005312
0.32244542240853546	0.02981544222352029
0.32372298121309206	0.029816881375678513
0.32500070916470364	0.02983047386093262
0.3262812242584671	0.029855920183058608
0.32755872509648726	0.02989298183620128
0.32883996623162415	0.02994139931600689
0.33011558441290123	0.03000090025732472
0.3313916936866275	0.030071191204021738
0.33268327602077985	0.030151931807449628
0.3339570013638594	0.030242997614209035
0.3352332212161762	0.03034503417636095
0.33651223403262936	0.03045914291783775
0.33794945346729416	0.030584866916050998
0.3393852844214251	0.030719046085280772
0.34066236369481245	0.030858264632412792
0.3419430939429434	0.03100152062177581
0.34322115943774534	0.03114942544226271
0.3445007169582285	0.03130233483793058
0.34577851079741295	0.03145996564003537
0.3470551307065067	0.03162178308362793
0.34833330016569614	0.031787203750912624
0.349613594512211	0.03195559437829315
0.35089094164180346	0.03212629281386087
0.3521707672495589	0.03229872502306797
0.35344920245152744	0.03247274253158791
0.3547262605798209	0.03264917941079512
0.35600535891897256	0.03282933600963614
0.3574406060113128	0.0330122957264712
0.3588786084016098	0.03319360529326789
0.3601554210204276	0.03336886217155611
0.3614368670793659	0.03353724642667599
0.3627123430093373	0.033700160183017074
0.3639908880942883	0.033858579617206286
0.3652706159122921	0.034012514740488976
0.3665488769893866	0.03416156473341431
0.36782244886820004	0.034305308541709115
0.369106684508691	0.034443348113278136
0.3703828107788017	0.03457531141909796
0.37166034911662593	0.034701089598885314
0.3729426910268146	0.03482112750262438
0.37421931749062315	0.03493606330290495
0.3756521682474117	0.035045259558962705
0.3770931371461336	0.03514617407874495
0.3783752563455794	0.0352364697755905
0.37965301180794486	0.03531597150566307
0.3809297269495168	0.03538577396217176
0.3822114428220117	0.035446667974003636
0.38348571194618175	0.035498870195294116
0.38476664332131566	0.0355423739745382
0.38604400125989974	0.03557714752256421
0.3873191063315619	0.03560318348926274
0.38859877660360015	0.03562050467420606
0.3898724036695543	0.03562914103556084
0.3911535201135817	0.035629065262986266
0.392435168557469	0.0356200676628338
0.39370937899406405	0.035601775140448544
0.3951447951118691	0.03557412982417252
0.39658744037631327	0.03553784682922647
0.3978684830577519	0.03549395340461978
0.3991489907834168	0.03544298760338026
0.4004246309051599	0.03538500755112267
0.4017062205326713	0.035320053031533925
0.4029815808010358	0.035248312610827316
0.4042616738060273	0.035170064072162076
0.4055399020039629	0.03508562532911947
0.4068164780951405	0.034995314838095586
0.40809171407218614	0.03489942503343658
0.40937295472181384	0.03479820906478061
0.4106502083252438	0.03469166183463074
0.41192665538835227	0.03457906155055702
0.41320478351827933	0.034459302306995176
0.414647164812997	0.0343328584819525
0.4160835688441077	0.034202814908096
0.4173608638306997	0.03407233523885901
0.41864099096251456	0.033942071548343944
0.4199146203818487	0.03381105172951914
0.4211945131259559	0.0336785719741645
0.4224731264562361	0.03354462834710515
0.4237525279057239	0.03340953852843334
0.42502959538467294	0.03327366116690623
0.42630925549456317	0.03313733673058224
0.42758973180339904	0.03300084327432419
0.42886328745741126	0.032864111665228644
0.43014695387615454	0.03272630232897914
0.4314219346682187	0.032586239383172184
0.4328611984137162	0.032444469721748484
0.43430090709659225	0.032304299325131826
0.43558058252839793	0.03216899677152877
0.43685355385423413	0.032038977522047554
0.4381346508462491	0.03191289697648454
0.43941168673615955	0.03178980215236985
0.4406900695065079	0.03166951667410768
0.4419703039855091	0.03155218586465255
0.4432474216459203	0.031438020215331035
0.44452776409056843	0.03132721641858713
0.44580134426610274	0.031219909795450623
0.4470785710989445	0.031116133466004774
0.44835813027602084	0.031015722617233506
0.44963780632721234	0.03091809691429865
0.4509171771937975	0.030822506809063007
0.45235430702914364	0.030729305469392537
0.45378899583647747	0.030640505102661218
0.45506761919118954	0.030557954444624908
0.4563477013183714	0.030481685451050525
0.45762702428197305	0.03041068854592108
0.4589038051841655	0.030344216471210064
0.4601855945712245	0.03028200467321342
0.46146352824195114	0.030223989829330212
0.46273832181156554	0.03017012638532565
0.46402099271475106	0.030120355055718286
0.46529699709494665	0.03007461483905992
0.4665743809185225	0.03003282406331908
0.46785878684654814	0.02999484179752734
0.4691334791246335	0.029960402273017453
0.47041054630437473	0.029929191119945586
0.47185014030238265	0.029901226629869857
0.4732868999175476	0.029876985124675664
0.47456410853196557	0.02985682733289931
0.4758461119273908	0.029840556073282832
0.47712086908442686	0.02982769660045186
0.47840021315377573	0.02981787820991465
0.4796789972675873	0.029810880625455075
0.4809562338115544	0.02980654428684906
0.48223246056032515	0.029804719436692415
0.4835128402700337	0.02980525510730949
0.48479119807663257	0.029807999833365934
0.4860680746937646	0.029812807348667435
0.48734890409351844	0.029819561073019207
0.48862461241803956	0.02982822094698849
0.48990145186385664	0.02983879803955388
0.4913409161118086	0.029851155247268925
0.49277700510308303	0.029864875004651847
0.4940571212221745	0.029879497183529943
0.49533636744384035	0.029894810336968336
0.49660459113391187	0.029910795518160626
0.49788892900899595	0.02992742569640829
0.49916841711303783	0.02994460021295972
0.500446740374671	0.029962185751950313
0.501725996593526	0.02998005257219193
0.5030056533828584	0.02999807939319833
0.5042833334227987	0.03001615990269692
0.5055618178842186	0.030034237073397994
0.5068420258775471	0.03005235360766575
0.5081196158909927	0.03007059077587992
0.509568075008216	0.03008879876999362
0.5109989120954865	0.03010648731187737
0.5122743372240973	0.03012320729725939
0.5135539179922775	0.03013888450159042
0.5148318633032131	0.030153654201203063
0.5161116830310802	0.030167598406177602
0.5173886848352549	0.030180709199609974
0.5186661996165688	0.030192947312268657
0.5199461817242839	0.030204271007924402
0.5212229641488795	0.03021464182318537
0.5225016431074372	0.03022402779024082
0.5237790650848537	0.030232405725179108
0.5250558037721142	0.030239766124280337
0.5263363888832379	0.030246119088098693
0.5276122652260916	0.030251475666843403
0.5290510458299308	0.030255795462323813
0.5304927012593804	0.030258984104414254
0.5317698215302219	0.030260986157582766
0.5330495920426152	0.03026183974421077
0.5343271630959453	0.030261621879879977
0.5356012258070016	0.03026039016311114
0.5368798603770603	0.03025817975906072
0.538156182804479	0.030255019213004015
0.5394365713806901	0.030250939269731353
0.5407166628670294	0.030245974957626025
0.5419927819571475	0.030240163333135603
0.5432718367448416	0.030233538000059332
0.544551117748955	0.03022611078426872
0.5458271118429688	0.030217836660050974
0.5471053403176992	0.030208637590322107
0.548544582007537	0.03019855989748356
0.5499830619240268	0.03018786654008757
0.551259315175273	0.03017683776451847
0.5525368162983608	0.03016555417835049
0.5538189487478828	0.0301539655329662
0.555095365816689	0.030142043100940326
0.556373344428581	0.030129809067741205
0.5576555797397356	0.030117309715291918
0.5589315484097315	0.030104596868747106
0.5602084400061027	0.030091718242839665
0.5614889653909791	0.030078719573989242
0.5627674879599399	0.030065642865910933
0.5640430749778098	0.030052497453107327
0.5653244236578608	0.03003921793068
0.5666002008026126	0.030025704619040108
0.5680368277735484	0.030012021950351735
0.5694778360694616	0.029998499585753898
0.5707563334104476	0.029985464627646688
0.5720338962047702	0.029972972230499065
0.5733148143009109	0.029960909385225193
0.5745907932414889	0.029949196418306647
0.5758691192287667	0.0299378225286053
0.5771470473216543	0.029926805777409506
0.5784268389434749	0.02991617128586708
0.5797047152628643	0.029905943690990016
0.5809827647812073	0.029896140019757267
0.5822609475775778	0.029886755262279796
0.5835391613510864	0.029877741973824187
0.5848199401483312	0.02986903786232707
0.5862556362663787	0.029860682202369468
0.5876950966332669	0.02985286224999461
0.5889728598521853	0.029845746304729456
0.5902502330892578	0.029839335130548286
0.5915301673354307	0.029833534853189608
0.592807211268154	0.02982827684538934
0.5940862645728735	0.02982353621744635
0.595366779442947	0.02981930573704198
0.5966429442843653	0.029815580302481964
0.597920918701269	0.029812352427728034
0.5991982031587892	0.029809612338359066
0.6004736635656893	0.029807348693570657
0.6017529841956414	0.029805548920261844
0.6030318468396673	0.029804200507758935
0.6043133648570447	0.029803294379025045
0.6057481133766154	0.02980282676677239
0.6071866837950556	0.029802790886284288
0.6084666396161567	0.029803165695394138
0.6097464261384575	0.029803919628534195
0.6110234580293288	0.02980502250860566
0.6123013361918929	0.029806449600083735
0.6135790908792854	0.029808179091886825
0.6148564957558906	0.029810189839016427
0.6161352357055979	0.029812460543748268
0.6174134766853117	0.02981496914687679
0.618695728159832	0.029817692707955083
0.61997057080369	0.029820610221891614
0.6212481308698129	0.02982371103893267
0.6225249545792161	0.0298270058580212
0.6238055106463927	0.029830514888541045
0.6252445798431506	0.02983421184453677
0.6266827865473229	0.029837995144865508
0.6279613690744663	0.0298417619109267
0.6292361429232146	0.02984548419892367
0.6305149659047136	0.02984918210500247
0.6317938088584104	0.029852867280399216
0.6330686329983147	0.02985653231078364
0.6343500713566983	0.029860161950983902
0.6356284735986993	0.02986373891861185
0.6369074023687727	0.029867246413893652
0.638184339250359	0.029870670853936607
0.6394638537293432	0.029874006944521785
0.6407406451943819	0.029877265566012962
0.642021220361549	0.02988046397089028
0.6434572479597395	0.02988358160671797
0.644895545278715	0.029886541374402956
0.6461755799221675	0.029889271808484247
0.6474529213999085	0.029891764054694646
0.6487323607396914	0.029894045861666496
0.6500114099706626	0.029896136395758915
0.6512893420567081	0.02989803884141586
0.652567625414044	0.029899750391454087
0.6538456486281936	0.029901267663981893
0.655125825923931	0.029902587913873846
0.6563972828434369	0.029903709603419756
0.657678691794492	0.02990463223174483
0.6589600080221647	0.02990535541316904
0.6602342443819814	0.02990587837493711
0.6615149895946001	0.029906199077546526
0.6629510114551398	0.029906314252808534
0.6643921520523832	0.02990622385563029
0.6656693915155376	0.029905934783705044
0.666947763731057	0.02990545734956596
0.6682254594380981	0.029904800459532647
0.669502410184331	0.029903971240942483
0.6707816732662216	0.02990297604239571
0.6720470709765002	0.029901820361538052
0.673331584295838	0.029900509751885747
0.6746128907943119	0.029899051612833488
0.6758925854431442	0.02989745449921822
0.677168993702421	0.029895725492181172
0.6784517819778664	0.029893866185273885
0.6797292374860826	0.029891865695929234
0.6810057352890411	0.029889705464107092
0.6824403351406141	0.029887393922472718
0.6838837454992479	0.02988498829793676
0.6851640016872554	0.029882550344554556
0.6864363580693978	0.02988009573232079
0.6877181114105164	0.029877608766539873
0.6889948441740705	0.02987507884164703
0.6902743002945614	0.029872508086869073
0.691552310923471	0.029869904128392757
0.6928337150031229	0.02986727465898555
0.6941097778009964	0.0298646052239433
0.6953840512656723	0.029861701522929242
0.6966617748686598	0.029857601286818664
0.6979439370618545	0.029849947348169426
0.6992220452266902	0.02983688934097031
