X	Y
0.05064260251870854	0.08650555865180494
0.05209035916152899	0.09668536179333313
0.05335870783391582	0.10271416319949589
0.054642846174431374	0.10634798427127237
0.05590738968417315	0.10976813398264551
0.05718037080136641	0.11416351037316283
0.05846773424296546	0.12046769435795285
0.05977761249587739	0.13050855355569282
0.061051650729505344	0.1499657717941464
0.06232031791257879	0.1958008835411747
0.06359361605975095	0.2978376409476368
0.0648685104315911	0.45917493824473105
0.06614354265900114	0.5950000749744299
0.06742175972546782	0.5865218395598619
0.06869120299610262	0.4352688754329392
0.07012124575246559	0.2625782166247019
0.07156042413914813	0.15466868553077615
0.0728379585709424	0.10776151912592592
0.07409996226684225	0.08958255888358553
0.07537196319738211	0.08112565566186823
0.0766571496148925	0.07599600464024041
0.07795173451916045	0.07239417155390485
0.0792723112097225	0.06970286481730971
0.08058359599628458	0.06763114006745358
0.08186607377491484	0.06600728875480627
0.08312805452582081	0.06471221350081614
0.08439212739004408	0.06365911666092543
0.08567219936540656	0.06278800725031461
0.08694298857486832	0.062057818776822114
0.0882250688270319	0.06143870342960564
0.08965358759387478	0.06091333870128541
0.0910699325060455	0.060476638896164864
0.0923400031689984	0.0601240469534076
0.09362231988942514	0.05984396379045531
0.09490324155686578	0.059623707658889726
0.09618799605149472	0.05945497493082669
0.09747071255680982	0.059333190206472076
0.09875218711034575	0.05925585961415412
0.10003083814780846	0.059221665295573996
0.10130275075430321	0.059230240135143476
0.10257576334414843	0.05928235782372074
0.1038544881335722	0.05938045926776565
0.10513591432758634	0.05952972141218967
0.10641204544365736	0.0597379008921715
0.1078421958814539	0.06001110011635867
0.1092793516027653	0.06035027437540491
0.11056028336193577	0.060755793051419385
0.1118378231451004	0.06123413594341394
0.1131106936653708	0.06179828051506348
0.11438608291127103	0.062464511242421965
0.11567034636163097	0.0632509181066941
0.11695660514892882	0.06417826097903478
0.11824297908214844	0.06527186118221046
0.11953389418312431	0.06656320357850222
0.12082425547987283	0.06809278300930269
0.12210124519883638	0.0699194733162823
0.12337454926251383	0.07214355738536432
0.1246487854227527	0.07495038487113483
0.1259236414010621	0.07866481022363472
0.12736828627159508	0.083842771296512
0.12879486478949884	0.0915748913232152
0.13007901200424374	0.10369431548640926
0.13135174834131277	0.12090029092080887
0.13262979239006067	0.13840178581976534
0.1339110954404597	0.14651649230644487
0.1351843648124873	0.14075307115011104
0.1364620726103606	0.1274833420424776
0.13773539598276197	0.11561020986617507
0.13901103215598515	0.10828960633082471
0.14029262759655695	0.10432761162493656
0.14157385107267487	0.10211707017370289
0.14284952680983398	0.10081794589345666
0.1441192992693082	0.10006664245063546
0.14539908215973346	0.0996907077457298
0.1468371052845784	0.09959782332044234
0.14827753263925722	0.09973016795751236
0.14955684245967119	0.10004478908860034
0.15083516692546517	0.10051058333103477
0.1521144274764454	0.10110837974299502
0.15339253454217558	0.1018275207537784
0.15466322132422003	0.10266193750347152
0.15595614422315937	0.10360750931072847
0.15723160082292226	0.10466164451970958
0.1585101359191176	0.10582404205909213
0.1597973647440455	0.10709584950874246
0.16107805672249612	0.10848300736551456
0.16235236377205178	0.11000397372829694
0.16363604796185185	0.11168408397618379
0.16507346426129757	0.11352776160072137
0.16650234606864628	0.11550263217734741
0.16778596042809746	0.11757291692151231
0.16906474142718744	0.11973709808480568
0.1703420402387351	0.12201752247729017
0.17161944680350733	0.12443467320316809
0.17288864816033062	0.12700229671098656
0.17417118070215154	0.1297308141152867
0.17545162849462057	0.13262737634861851
0.1767282171988253	0.135698783173371
0.1780053243642878	0.13895458855477028
0.1792869031751491	0.14240760965879004
0.18056246416563718	0.14608253310795355
0.18184099103528734	0.15003274851957962
0.18312095341907078	0.15432871316252383
0.18455780889830614	0.15898872079460635
0.18599148216591327	0.16393993868928028
0.1872715653728836	0.16910617423673718
0.18855357075722776	0.1745045473266027
0.18982612762296183	0.1802207433530192
0.19111202798229396	0.18634687678353148
0.1923826465888308	0.19297770799109246
0.19366066051012462	0.20024335582746355
0.19494490685288365	0.2083412757138756
0.19622007342401154	0.21750831183207497
0.1974986510422192	0.22765341593848648
0.19877892569685368	0.23744160334372322
0.2000574633999603	0.24394370935262447
0.20133595801760043	0.24462133106670025
0.20261074806114227	0.2400228316623831
0.20405210683302014	0.23328166399686506
0.20548372847880705	0.2271517596122533
0.20676616793309496	0.22255187373505358
0.2080424633124556	0.2192582341063507
0.20932459605663317	0.2168525162043327
0.2105976151740089	0.21505891798712315
0.2118775452301912	0.21372700806018882
0.21314972654686526	0.2127676098714368
0.21443194471265342	0.21212076812860303
0.2157095849192833	0.21174323973491607
0.2169861909326592	0.2116024243702768
0.21826894033755254	0.21167320185369085
0.21954672719221924	0.21193771436212583
0.22082458791309065	0.2123872932975021
0.2221057076313758	0.21301999260908921
0.22353952385778758	0.21382671524693622
0.22497924224625895	0.2147806689717306
0.22626117317140013	0.21585162612223105
0.227534621189824	0.2170259168729707
0.22881748987736886	0.21830317145610295
0.23009197462981926	0.21968341790347937
0.23136334217807375	0.2211640426094022
0.23264593127235803	0.22274097498324238
0.23392642346267625	0.22440869967620214
0.2352028389752963	0.226161486605645
0.2364851402978544	0.22799499331266748
0.23776708506864244	0.22990946755932315
0.23904468778384982	0.23191689852478872
0.24032545149659562	0.23403644832393108
0.24175440468725112	0.2362617983034123
0.24319886391489273	0.23854134882351533
0.24447946203281654	0.24081945662541415
0.2457561695049617	0.24308302131589818
0.24703315523980174	0.24534805716241645
0.2483091636009902	0.24762605101641605
0.24958851121384715	0.24991629499148127
0.25085965919580977	0.25221296809133475
0.25214112405165795	0.2545086983986293
0.2534224872748596	0.256793599342464
0.2547028156920086	0.2590558567530619
0.25597781561324706	0.2612848547085703
0.25725725688824524	0.2634749813938386
0.258533801273259	0.2656294934994638
0.25981423294549333	0.2677519907987307
0.26125489026274207	0.2698145818865201
0.262693148592586	0.271742074327568
0.2639655883107855	0.2734447314131721
0.2652481454456795	0.27483990365667377
0.26653348152666156	0.27583737503741607
0.2678052244273593	0.2763690874995953
0.2690817239754322	0.2764643080334856
0.2703595621123618	0.2762570174220633
0.27163627435322646	0.27590335986225295
0.27291179620196543	0.2755100683467614
0.2741926862704438	0.2751283968142584
0.27547124766352843	0.27477863981146466
0.2767515802775015	0.27446830639802133
0.27803115736727363	0.2741993562265493
0.2793094973392469	0.2739715379031132
0.2807447328044498	0.273785671702734
0.2821846342838679	0.27364436606399806
0.2834618874444354	0.2735484458282694
0.2847400606040949	0.27349475615469665
0.2860172272518027	0.27347847897444727
0.2872942301694484	0.2734956160256378
0.28857467072463977	0.27354311210782206
0.2898580553547951	0.27361819407555765
0.291131243971438	0.2737181274017341
0.29240714738704454	0.2738402383853373
0.2936864180513388	0.2739819097842309
0.29497017270467046	0.27414086202808624
0.29624260836069227	0.2743159241889608
0.2975204558675372	0.2745066111582644
0.29895812060681154	0.27470992336313227
0.3003967419016937	0.2749185499052748
0.3016764518327373	0.2751249713103316
0.3029532244009775	0.2753258218332843
0.3042292917810779	0.27552049027725806
0.3055121578902522	0.2757079490626491
0.30678489037385204	0.27588610844754485
0.30806643264803873	0.2760524911383998
0.3093426794196357	0.27620457885012417
0.31062411727794026	0.2763398620905447
0.31190376566327527	0.2764558740506633
0.3131808622379839	0.2765502471819114
0.31445354526922675	0.2766206741931393
0.31573530219480356	0.27666462884531795
0.3170135716575894	0.27667914330888255
0.3184516758897244	0.2766613406246747
0.3198834597778884	0.27660949419821734
0.3211646166198268	0.27652305056787807
0.32244525741054786	0.2764014708005832
0.32372192606398487	0.27624366281144724
0.3250019983181514	0.2760483561827496
0.3262802798733811	0.27581448141083303
0.32756149319388267	0.2755412912854738
0.32884238864440857	0.2752282686958682
0.33011462735296554	0.2748748291449087
0.3313918989168787	0.2744803961936658
0.33268100003810896	0.27404488695547147
0.3339570074637349	0.2735678485778461
0.3352276732744028	0.273046263713084
0.336515382961275	0.27247659547477393
0.3379529289743266	0.27186395824687803
0.3393806280690347	0.2712256716669293
0.34066090702838725	0.2705785171564005
0.3419418904999128	0.2699267912248591
0.34322028084502265	0.2692667918559055
0.34450088403952067	0.26859561948139893
0.3457756881724257	0.26791286632681605
0.3470543463891984	0.2672189347972238
0.34833138158832555	0.26651437453506105
0.34961483697472834	0.2657999179061503
0.3508889408794736	0.2650760863505633
0.35216664608279885	0.26434260414908844
0.3534514520135828	0.2635974328790724
0.3547258464466291	0.2628343451972499
0.3560040372848023	0.2620444781068017
0.35743829437873487	0.2612282652171275
0.35887633575537925	0.26040227940405025
0.3601561962898611	0.2595838320999695
0.36143742394808637	0.25877465420338286
0.36270996105380215	0.25796605868400013
0.3639879030182454	0.2571507705821191
0.36526918580581336	0.25632608714750765
0.3665495000721996	0.25549171739662807
0.3678242157324057	0.2546476347886127
0.36910671728140915	0.25379351277683343
0.370383363336168	0.25292874799607856
0.3716664914766457	0.25205075042206554
0.37293885115623177	0.25115156932961924
0.3742219046499197	0.25022028420338727
0.3756526902167312	0.24925743919933588
0.37709789714258213	0.2482831141868374
0.37838004199644537	0.2473183876404617
0.37964852725640247	0.24636514146760066
0.3809314075023871	0.2454127769710072
0.38221223008670197	0.24445352799011139
0.383485049695526	0.24348502296144342
0.38476411977079844	0.24250672660180742
0.3860440588753883	0.24151864886844032
0.3873185447477495	0.24052095053628159
0.38859617351800135	0.23951350152026235
0.38987744806665825	0.23849588261442778
0.3911553672123974	0.23746559640471993
0.3924334948244313	0.23641400208958185
0.39370890502660405	0.23532889599577658
0.39514634887389005	0.2342113121010048
0.39658755093094283	0.23308488892865803
0.39786827871518843	0.2319743046707432
0.39914723810698405	0.23088227286786075
0.40041763419216253	0.22979691361324558
0.40170394604482673	0.22870892357281672
0.4029778986756006	0.22761560031047132
0.40425857983184316	0.2265170028412194
0.40553581249946774	0.22541345201940127
0.40681299918524133	0.22430496035379835
0.4080899002106582	0.22319128439044023
0.40937351727837645	0.22207217268269966
0.41065426447501796	0.22094540576864388
0.41193077341031265	0.2198020331586341
0.4132040642650858	0.21862901298986112
0.4146479299989624	0.21742760489715213
0.4160772728127023	0.21622280119592416
0.4173594506385839	0.2150398177593685
0.41864397716306706	0.21388093231334981
0.41991432526052347	0.21273372233195853
0.4211969427466534	0.21158836200446868
0.4224844654333484	0.21044225504228173
0.42375504712845846	0.20929588727444762
0.425033113288521	0.20814906108727446
0.42630851857494617	0.20700098032006178
0.4275901966683325	0.20585076869304925
0.4288612212594162	0.20469500350840922
0.43014795037692166	0.2035239043227666
0.4314226148080349	0.20232494039995566
0.43286294685049426	0.20110026780126217
0.4342979099149777	0.19987568411848053
0.43558119667427986	0.1986770897549751
0.4368524388611456	0.19750636345169056
0.4381335833005952	0.1963501743864068
0.4394090925273847	0.1951982210606213
0.44068760001103074	0.19404693655049898
0.44197101523052007	0.19289609107675607
0.4432484599627215	0.19174654012197298
0.444529421405124	0.19059898837206607
0.4458021127626471	0.1894532986898497
0.44708080553595636	0.18830817768614425
0.4483584146398235	0.1871598551134139
0.44964025681663267	0.18599890798724547
0.45091883631578167	0.18481309277511934
0.4523526307919512	0.1836044312450602
0.4537981812607756	0.18239851387060232
0.4550700990289196	0.18122093235113407
0.4563454683307367	0.18007311323330757
0.4576291274337569	0.17894179663840282
0.4588982631102522	0.1778171428398901
0.46018484823614375	0.17669578491053578
0.46145700069517614	0.17557711934589862
0.46273862735258386	0.1744611186651055
0.46402131741909164	0.1733481337610309
0.4652978815045063	0.17223872076734925
0.4665792458476647	0.17113271025123653
0.46785848389001367	0.17002702340473264
0.4691305887932405	0.16891198002874816
0.4704136763853071	0.16777500323177688
0.4718539884966309	0.16661836465947724
0.4732887587391252	0.16546686230911256
0.4745619587430983	0.16434413162149233
0.4758442462754631	0.16325107529464014
0.47712450567752396	0.162175618369785
0.4784006376194144	0.16110895084661955
0.4796796012495229	0.16004795856834592
0.48095882616059793	0.15899200287213258
0.48223326498704566	0.1579411296214566
0.4835175812617104	0.1568956224743188
0.4847885236324882	0.15585547174702621
0.4860631485853166	0.15481960335760356
0.48735089673132326	0.15378484976279527
0.48862046033200673	0.15274284380408626
0.48990142721550656	0.15168222203496015
0.4913433616686418	0.15060482362579578
0.49277870959900705	0.14953378423995384
0.49405608475075247	0.14849178098983137
0.49533593124466074	0.14748005376506212
0.49660563777751343	0.14648656550357314
0.49788866488306915	0.14550193030600536
0.4991642495753918	0.1445230334171467
0.5004497397691968	0.14354990297262907
0.50172625603065	0.14258303320578677
0.5030013730395332	0.14162220392430347
0.5042855501263709	0.14066664832595652
0.5055666460467012	0.13971404599398674
0.5068422750178463	0.1387567633688411
0.5081189788794237	0.13778402107913576
0.5095623945257467	0.13679725265288584
0.51100126518755	0.13581783440362521
0.5122782321574856	0.13486672111245457
0.5135476273478218	0.13394449589033694
0.5148309246108663	0.13303960985551783
0.5161066772080392	0.1321438266517041
0.5173886349795487	0.13125486956242022
0.5186708612656385	0.13037297871208745
0.51994356382702	0.12949845834755638
0.5212208124125909	0.12863091016977354
0.5224995613080147	0.12776973549661733
0.5237750244937989	0.1269142486081402
0.5250579139752983	0.12606221957212482
0.526337452896439	0.12520717052964161
0.527613355484653	0.12434003516146391
0.5290439897782193	0.12346144109714668
0.5304891191679947	0.1225891763427753
0.5317736225270311	0.1217420951329212
0.5330499340222522	0.12092228022732694
0.5343277270412569	0.12012047733271387
0.5356016763539354	0.1193290649979107
0.5368808632753816	0.11854501154818346
0.5381539422800451	0.11776730802750288
0.5394330020017714	0.11699565366416657
0.5407234920087657	0.11623063253724003
0.5419932414962826	0.1154729206399229
0.5432698857547348	0.11472196813932078
0.5445558007209175	0.11397540939234105
0.545828078296885	0.11322722101346962
0.5471025716807585	0.11246912396865587
0.5485443459403136	0.11170198125348954
0.5499805571980824	0.11094187072122488
0.5512594010468067	0.11020465474962078
0.5525365707437221	0.10949105065538338
0.5538240598081725	0.1087930143897933
0.5551008865341658	0.10810486995469192
0.5563769277427718	0.10742463186317062
0.5576577439020913	0.1067514995477029
0.5589266475316128	0.10608485965713385
0.560215644029789	0.1054245829387089
0.5614952303291214	0.10477117049885615
0.5627654613358902	0.10412453351463141
0.5640472603759374	0.10348246348731258
0.5653244022161009	0.10283943114221704
0.5666021262901803	0.10218855651296882
0.5680384861827554	0.10153085217364072
0.5694787023763433	0.10088006641525235
0.5707571195249488	0.10024995295893352
0.5720369246137643	0.099641368832329
0.5733088571128877	0.09904702478114007
0.5745924758634909	0.09846128643395449
0.5758682452447845	0.09788224348092592
0.5771476182797529	0.09730957804850754
0.5784281287510109	0.09674325759978601
0.5797046508976609	0.09618325277218134
0.5809860627347939	0.09562934474949429
0.5822664308781786	0.09508017265270766
0.583539500701305	0.09453123902294339
0.5848157496999824	0.09397631957104166
0.5862555460724826	0.09341605423239677
0.5876921475766039	0.09286220494749092
0.5889730671410434	0.09232637805379915
0.590245707026759	0.09180907894258561
0.5915350600188138	0.09130423859044258
0.5928065082563669	0.09080739271550214
0.5940878316170268	0.09031689452027744
0.5953686068687262	0.0898323994691705
0.5966473977827262	0.08935404551930662
0.5979252825572909	0.08888191512854647
0.5991990276436313	0.08841577465348827
0.6004772391584752	0.08795510757055211
0.601758923501209	0.08749855005185352
0.603027825512964	0.08704236015972572
0.6043157332873342	0.08658162757398272
0.6057445769495471	0.08611706056567786
0.6071856975788938	0.0856581870321439
0.6084657957862929	0.08521445759935413
0.6097489764792793	0.0847865849760971
0.6110297306510064	0.0843698979213383
0.6123053157014251	0.08396069283064793
0.6135779409558417	0.08355740109662774
0.6148630896536889	0.08315954146010084
0.6161303143824336	0.08276695437730058
0.6174121806958754	0.08237939369467248
0.6186877222863642	0.08199665975409995
0.6199721581689128	0.08161862015280913
0.6212472856432925	0.08124438414493373
0.6225317177489368	0.08087100470463292
0.623802900068689	0.0804945335824212
0.6252487972446621	0.08011559209129798
0.6266776557607087	0.07974202541228917
0.6279570975241777	0.07938138357566075
0.6292366620045393	0.07903386494566401
0.6305161217241474	0.07869539071000009
0.6317953241318027	0.07836298875519458
0.6330748779533664	0.07803567112834578
0.6343516880038	0.07771316068798073
0.6356229376011451	0.07739517834234633
0.6369125789856812	0.07708154211099108
0.6381820118761706	0.07677218076977703
0.6394716813895949	0.07646639043501585
0.6407397138765927	0.07616168879091807
0.6420175875512459	0.07585459691759665
0.6434572578359836	0.0755454115853207
0.6448972748167192	0.07524068049804286
0.6461798104933888	0.07494695844861671
0.6474498241070594	0.07466455354935471
0.6487318941721638	0.07438991091878719
0.6500084658798708	0.07412035283703368
0.6512847826672343	0.07385492165351798
0.6525674023579578	0.0735933988223142
0.6538430269181867	0.07333581131713565
0.655130037516732	0.07308225563481613
0.6563961366556422	0.07283268288488899
0.6576809613068236	0.07258678084158772
0.6589568879699874	0.07234378868665417
0.6602373876089402	0.07210180028525925
0.6615124823911052	0.07185824688646718
0.6629464857620295	0.0716133736430426
0.6643883992589914	0.07137214529640086
0.6656684958863736	0.07113962884495814
0.6669522763091126	0.07091623224439417
0.6682258249445426	0.07069936310525346
0.6695016510557411	0.07048694065752692
0.6707861546317663	0.07027817886193506
0.6720472696450068	0.07007278151662179
0.6733326038074707	0.06987049528979142
0.6746130052721081	0.06967126564347409
0.6758883226276677	0.06947517004022713
0.6771713394115119	0.06928213486674892
0.6784482902714029	0.06909162756765196
0.6797283102417916	0.06890213781026638
0.6810078482596066	0.06871165925730408
0.6824348798761783	0.06852038391353339
0.6838820201360722	0.06833217362326924
0.6851614961835589	0.06815096265170058
0.6864337234557215	0.06797695353779201
0.6877221397016625	0.06780801074138834
0.6889921007527721	0.06764255529867758
0.690282024136107	0.06748008701000498
0.6915517571452874	0.06732048557846529
0.6928246811670289	0.06716337277486249
0.6941134581664775	0.06700525614413406
0.6953829765938678	0.06681695019119759
0.6966631295014232	0.06645738853684674
0.6979346868102454	0.06557892001434142
0.699223258521435	0.06389547887947489
