X	Y
0.05064680375058097	0.7763422060696501
0.05209378776610175	0.8925656646246731
0.05336552606354019	0.8380289228798463
0.054643854168395414	0.7185213491581162
0.05591560744900369	0.6108053365638808
0.05719318141488779	0.5299232681860001
0.05847407891310339	0.46985218790184613
0.059756917169132104	0.42427552617391956
0.061022200454561776	0.3887501227154153
0.06228597334496609	0.3601308804886739
0.06355636858783538	0.33674987241080173
0.06482972541307497	0.3181120704279161
0.06613295024241402	0.3033580583718045
0.06743059463593615	0.29105239374762615
0.06871610587941956	0.2805485234063896
0.07016625240287232	0.2719742162944802
0.07159143081634022	0.26528695052863704
0.07288247836424683	0.2601666754873596
0.0741442748032358	0.2565381066388173
0.07542383416560951	0.2545502150148261
0.07670936786260149	0.25401062748285186
0.0779784179390611	0.2546000522170986
0.07925292130689478	0.2563767817249182
0.08053424106658696	0.25964289337838353
0.08182019484060479	0.2647344886704054
0.08309106381573556	0.27213929917217794
0.08435410320878942	0.2829040599829393
0.08563051615101933	0.2996881567792738
0.08691173320864264	0.33013007362741187
0.08819584374554534	0.3938162968985383
0.08963624350790214	0.5180275110277821
0.09107568141570382	0.6869161951456006
0.09233245471202517	0.7913451028746026
0.09360803603000063	0.7267855214739534
0.09489997864787768	0.5402571210900515
0.09618327937781608	0.36300493272469625
0.09746033194215539	0.2559864208904459
0.09875097117719012	0.2022755433527354
0.10004079419068422	0.17337513535025853
0.10131573298884052	0.15492180341031359
0.10259473863048292	0.14168550212902636
0.10387359486467408	0.13157985692025495
0.1051546297011855	0.12353737518862723
0.10643152521331022	0.11692223440950994
0.10786699903837314	0.1113765147623981
0.10930209573644281	0.10674287071350799
0.11058264261077004	0.10291400073848656
0.11185792708572115	0.09973389683582047
0.11313590867392863	0.09704111337769342
0.11441217240780173	0.09472256589018484
0.11569061028915463	0.09270828010221793
0.11697107017717068	0.0909529988704907
0.11824406176357753	0.08942532684582448
0.11951734239498871	0.08810157293160792
0.12079828858476828	0.08696512372753688
0.12207599718422174	0.08600751032625897
0.12335488140117071	0.08522683307883655
0.12463071428415881	0.0846268746065608
0.12590847353873785	0.08422021558062025
0.12734206870300666	0.08403148937781622
0.12877941137003757	0.08409479285094039
0.13006390754817002	0.08445063493511303
0.13134078910516642	0.0851551156927436
0.1326235670738822	0.0863042337039767
0.13390840845228427	0.0880779186323671
0.13518435081818003	0.09078183775319738
0.13646338271613842	0.09468181786416412
0.13774086860576767	0.09937476828806677
0.13901857946174292	0.10342523775959847
0.14030192601183278	0.10558021828058244
0.14157927428275466	0.10620253760219991
0.1428561871148367	0.1065541378206135
0.14412514472878718	0.10736373021812742
0.1454071408533709	0.10868455004188673
0.14684644927922935	0.11036744925647077
0.14828268732285707	0.11227763212645707
0.14956376258194104	0.11433201330143432
0.1508420659868274	0.11650849560514756
0.15212060535022404	0.11882142316649574
0.1533986800665703	0.12128991115599033
0.15467059128348407	0.12392915441001556
0.15595897316400278	0.12675146701490997
0.15723658752691325	0.12976662755600332
0.15851255215494134	0.1329858292027597
0.15978561203686845	0.13642925359785427
0.1610520958574439	0.14013650128520083
0.16233420466477697	0.14417676804666318
0.16362207987913863	0.148629735885067
0.16506684736276267	0.15351348264290327
0.16650403072081313	0.1587470478768665
0.16778703484662127	0.16424362294932815
0.16906463210981615	0.17001137545260828
0.1703428284008328	0.1761247796560346
0.17161791637796917	0.18265411885850058
0.17289290602711144	0.189649705050437
0.17417129303790307	0.19715402946749655
0.1754505032309902	0.20521049087952886
0.1767269796687638	0.21387229554201295
0.17800492311420052	0.22321325256145533
0.17928549096506588	0.23334282941658435
0.18056515702774747	0.244420060783116
0.18184448355768276	0.2565138792476692
0.1831258654757121	0.26896920808415536
0.18455951756251768	0.27968644054547787
0.18598649269256057	0.2860925875832322
0.18726596336389326	0.28769555981841605
0.18854856788753302	0.2866149684663546
0.18982762659334987	0.28525671989403645
0.19111136253234096	0.28468187720377436
0.19238545147184083	0.2849701427338376
0.19366376809386127	0.2859554908626005
0.1949456931482901	0.2874996120573053
0.19622239198134667	0.28951385088339415
0.19750311034437046	0.29194104555902045
0.19877883020790055	0.29474480709179995
0.2000578489809346	0.2979107919967658
0.20133643370986412	0.3014570527735988
0.2026129060689663	0.3054211348886817
0.20405257197198343	0.30979151475634503
0.20548844347176778	0.3144658205791516
0.2067655416447439	0.31933392895753726
0.20804536379023278	0.3243706292476506
0.20932243497865946	0.3296078754059003
0.2105995204403279	0.33506977678871613
0.2118769183446331	0.3407583546107119
0.21315314197737542	0.34666442360880706
0.21443630380777767	0.3527726351884035
0.21571319298305788	0.3590636403468709
0.2169905941152075	0.3655178031999368
0.2182707960038626	0.3721172796299936
0.21954970370328014	0.3788565730533746
0.2208260506463343	0.3857658048121559
0.2221044154888109	0.39288978292891336
0.22354399142957718	0.4001758541364355
0.22498129582258522	0.4074166012225017
0.22626077359059135	0.4143914742916294
0.22753498977738493	0.4209976732313929
0.2288166215862963	0.427160385830928
0.23009206499302806	0.43268615568019286
0.2313685109034596	0.4372886991683621
0.23264473645308642	0.44080646655432415
0.2339237017300046	0.4433884281023915
0.23520649292952028	0.4454055073780691
0.23648415689492527	0.4472052491113839
0.237765796385079	0.4489939919240759
0.23904082844643065	0.4508772293365938
0.24032187115491072	0.4529155552790251
0.24176010854384913	0.4551228858303236
0.24319881847942915	0.4574582283975868
0.24447260337715535	0.4598727213464613
0.24575226352627103	0.46235780875905036
0.24702990060538166	0.4649312255617433
0.24830691489964127	0.46760426990157533
0.24958892936620247	0.4703752167611598
0.2508620023981227	0.4732366787409232
0.2521427767603397	0.47617990836899937
0.2534222396713287	0.4791944394048285
0.25470140679868464	0.48226821342645027
0.25597947419683986	0.4853902365692493
0.25725923020140906	0.4885572535695326
0.2585335949363302	0.4917839305230406
0.25981561355872074	0.495092384758255
0.261253438933443	0.49846181898342784
0.2626893121643193	0.5018050595165051
0.2639701374135528	0.505035957520465
0.26524545421455836	0.5081347185123657
0.26652630865355903	0.51112203147322
0.2678026076083401	0.5140096482465075
0.2690801259903382	0.5167917772104562
0.2703569046888535	0.5194554407935222
0.2716362208473954	0.5219857273913396
0.27291512533603307	0.5243668457804591
0.27419340946326065	0.5265829516800478
0.2754706564628202	0.5286193189434907
0.27675258276585085	0.5304659774764215
0.27802731176887907	0.5321265667892224
0.27930486553806994	0.5336217725190874
0.2807459026442773	0.534972576060982
0.28218305901254576	0.5361854789593472
0.2834648656759318	0.5372682627916812
0.2847395093893192	0.5382467829390749
0.2860193547681634	0.5391531081775334
0.2872996937729477	0.5400091331238639
0.28857439667531826	0.5408259972697942
0.2898526212226419	0.5416096791341707
0.2911292636297402	0.542363738141552
0.29240872549462	0.5430900017118
0.29368656039355623	0.5437892277673236
0.2949650489046094	0.5444625423182484
0.2962434424735616	0.5451132903709154
0.2975231282125525	0.5457452454151182
0.29895666973604323	0.5463542306764039
0.3003954091704585	0.5469246334024398
0.3016778425753663	0.5474414780222262
0.30295397551040604	0.5479015713778984
0.30423311767558897	0.5483086083634245
0.30551311852684826	0.5486644442876425
0.3067870996498889	0.5489676919213817
0.30806852690939684	0.5492156950211069
0.3093468667450299	0.5494055988942157
0.3106243035643846	0.5495346954181582
0.3119018906452078	0.5496005634310765
0.3131784544526568	0.5496009193002492
0.3144551347493919	0.5495329445155417
0.31573699069194566	0.5493920547133292
0.3170130411774653	0.5491723447141017
0.3184518446587865	0.5488716486736338
0.31988732478062326	0.5484957746367813
0.3211647861961081	0.5480532472746154
0.32244474779132404	0.5475475580627369
0.3237239342928014	0.5469780732718991
0.32500171980194154	0.5463447496163573
0.3262804344462664	0.5456493888789298
0.32755698087202195	0.544894793618939
0.32884091473986954	0.5440841507504878
0.3301161105811314	0.5432204507857669
0.33139415760450114	0.5423061618986579
0.33268210448316315	0.5413433275393968
0.333956025697834	0.5403310968780555
0.33523093430420603	0.5392607076428177
0.3365116840379228	0.5381189491432823
0.3379469238757398	0.5369072722901952
0.3393864012273252	0.5356518712867363
0.3406626127870421	0.5343799203164914
0.341941283000595	0.5330947458171544
0.3432215564227608	0.5317844687865148
0.344500835428561	0.5304400509719159
0.345776483158883	0.5290584074638947
0.34705592843643895	0.5276387849833573
0.3483346216928812	0.5261812084160297
0.3496137571630717	0.5246860811047604
0.3508913348449562	0.5231536789896136
0.3521710318180375	0.5215832793849262
0.35344797965533264	0.5199699271219634
0.3547272168857761	0.518298886672252
0.3560067738920726	0.5165504624518437
0.35743905601974485	0.514726456837929
0.3588789834905316	0.5128646676883555
0.3601544852250556	0.5110043834705515
0.36143676105173517	0.5091500718794448
0.36271277633898336	0.5072836812663757
0.3639904643240035	0.5053911071806425
0.3652720815405597	0.5034680144309305
0.3665479734077041	0.5015142961561688
0.3678236035467044	0.49953010590994235
0.36910734535231765	0.4975158664058279
0.37038441964968233	0.49547180614256014
0.3716614098626118	0.49339276307538776
0.3729431071441271	0.49126103189905435
0.3742191279841939	0.4890524623552322
0.37565131542479635	0.48676918802743785
0.37709431451514863	0.48445870845423505
0.3783763022484752	0.48217141529557583
0.37965246242844386	0.4799135024378609
0.38092897605753423	0.4776614653667813
0.3822109190288388	0.4753969162130435
0.38348563954555936	0.4731141733957975
0.3847655322582933	0.4708128453503418
0.3860429236362714	0.46849342276670947
0.3873181577180618	0.4661561426901959
0.38859842092343144	0.46380102512638893
0.38987615516334573	0.46142730205891413
0.3911535840189265	0.45902843026016166
0.39243457249983155	0.4565840008229805
0.39371158129892725	0.4540666036881025
0.3951479876976796	0.4514795197340101
0.39659126019358515	0.44887747103512693
0.39786978970687364	0.4463167529568223
0.3991475346409969	0.4438025878179991
0.4004240805098915	0.4413073491584072
0.4017049210237961	0.43880992949292313
0.40298249350786924	0.4363037472484181
0.404260544126384	0.4337882718822012
0.40554005634315404	0.4312641008260779
0.4068170789927986	0.42873182113064406
0.40809380897585995	0.42619151869616756
0.4093737159863405	0.4236422359290656
0.4106523100208964	0.42107718122460414
0.4119256910184668	0.41847412757751024
0.41320588883343395	0.4158032441660339
0.41464676649428606	0.413069068359737
0.4160830326648616	0.41033047733022743
0.41736050296733185	0.40764569337420564
0.4186411660670627	0.4050190356788975
0.4199153854512502	0.40242147574122944
0.42119433389295496	0.39983054043769484
0.4224740065639442	0.39723882203040173
0.4237526232620906	0.3946458630472216
0.42502929420320895	0.3920522854531974
0.426310923514841	0.3894585216138182
0.4275865848312065	0.38686361488511495
0.42886435452305127	0.3842599187715013
0.4301458324234539	0.38162538414921965
0.4314215418691814	0.3789311801101164
0.4328592443403232	0.3761812694725763
0.43430061383643387	0.37343368421369727
0.43557869262083465	0.3707471602965029
0.43685558642920314	0.368126248405933
0.43813567284072136	0.36554164751389223
0.4394117376766514	0.3629709671858309
0.44068970908568644	0.3604063038240961
0.4419695690580905	0.3578464485486096
0.4432476474039171	0.3552923577443863
0.4445273116997774	0.35274518813169686
0.4458008114883104	0.35020487834879704
0.44707947301252793	0.3476691751157299
0.44835801305039547	0.3451301952645827
0.4496356144922433	0.3425668975748022
0.45091727803271214	0.3399521028152928
0.45235301382214893	0.33729067490065406
0.4537906242649257	0.3346383703064663
0.4550686939906267	0.33205037404472515
0.4563493129956965	0.32953058772139665
0.45762748739819115	0.3270511708471241
0.4589026531416223	0.32459055012992855
0.46018616188591543	0.32214145847769254
0.46146238803811956	0.3197033504381145
0.4627383919961306	0.3172762496177447
0.46401786352926744	0.31485943432632113
0.4652947914824035	0.31245234800173594
0.46657531230387206	0.3100541417100573
0.46785699057388774	0.3076590653081098
0.4691318941400766	0.30524770900787734
0.4704106400929818	0.30279333735627734
0.4718506341239613	0.3002997044939447
0.47328856030422434	0.2978197383159751
0.47456406137053214	0.29540551988996855
0.4758445872317305	0.2930598684274197
0.47712166745496987	0.2907559636693422
0.4783996362683264	0.28847379109507243
0.47968012089519285	0.2862068273463325
0.48095575129382956	0.28395410257231946
0.4822327262331521	0.28171522498839585
0.48351286957108836	0.27948989745422625
0.4847887075938606	0.2772780936199698
0.4860684471119818	0.27507890379338873
0.48734800384295085	0.272886502178388
0.48862383389721975	0.2706827751191714
0.48990107088496926	0.2684433463189324
0.491342249476798	0.2661717527757664
0.4927783352493564	0.2639163434924221
0.4940566986406916	0.2617250145810841
0.4953364112558777	0.25960064607063654
0.4966053130927702	0.25751768940166264
0.4978883385398912	0.25545625336571504
0.49916923858744333	0.25341030103377
0.5004467461081591	0.2513799102676171
0.5017248125375092	0.24936530597848164
0.5030057614014899	0.247366265298651
0.5042835542418661	0.24538184766500745
0.505562159562317	0.24340625181317574
0.5068412812048821	0.24142257853429688
0.5081193454488103	0.23940938098448947
0.509566262972434	0.23737103041024185
0.5109971673238304	0.23535122606866618
0.5122760946601435	0.2333916935369567
0.5135558257592933	0.23149401972320585
0.5148314789003323	0.2296361062474735
0.5161108412435204	0.2278012592695346
0.5173870322761842	0.22598347810900454
0.5186673198689539	0.22418161782429605
0.5199453454903706	0.22239587449312823
0.5212244329598843	0.22062661901773734
0.522501239041	0.21887386630391434
0.5237802982712858	0.21713652274160494
0.5250558020765416	0.215409352317733
0.5263362934598848	0.21367783440224847
0.5276121461800222	0.21192317656846166
0.5290510235810586	0.21014811464646715
0.5304908633956237	0.20839001880274746
0.5317697124291421	0.20668613883374898
0.5330479829319529	0.20503883622237665
0.5343255926274183	0.20342881113236533
0.5356017432471939	0.20184114181195406
0.5368811460382059	0.20027040391828377
0.5381573578791333	0.1987154519454829
0.5394375279628446	0.19717612617584424
0.5407144791052121	0.19565242719196252
0.5419944010578714	0.19414441335165994
0.5432736921613156	0.1926516252189619
0.5445507646380867	0.19116995462025488
0.5458265047738958	0.18968667351130822
0.5471056054874416	0.1881852812459076
0.5485457174541748	0.18666844336122773
0.54998412765604	0.1851685142226985
0.5512589971579769	0.18371678688151788
0.5525389307783252	0.18231437202109066
0.5538175866386873	0.18094451729258332
0.5550947048845021	0.17959469701600556
0.5563751065810132	0.17826065039809394
0.5576574319182603	0.1769420582090338
0.5589319774479519	0.17563921208943356
0.5602101383254324	0.17435169383820492
0.5614877042539782	0.17307879188001007
0.5627669671811444	0.17181965106404173
0.5640453135627698	0.17057091295353832
0.565323471000037	0.1693225008358648
0.566600218811977	0.16806088046753298
0.5680359801737253	0.16678763651542444
0.5694766117509533	0.16552913428112542
0.5707564471075381	0.16431182584610193
0.5720334226201387	0.1631373228735618
0.5733151830200435	0.16199190724275345
0.5745911618141676	0.16086512824155186
0.5758686420173371	0.15975310538019935
0.5771487302676916	0.1586548795521327
0.5784252905730343	0.1575702666301918
0.579703670437695	0.15649903988376648
0.5809822410321454	0.15544048311063008
0.582261737383695	0.15439163525062533
0.5835383478480998	0.15334392803916314
0.5848175137871616	0.1522860691885846
0.5862544413003877	0.1512196811811395
0.5876931093195958	0.15016700701740465
0.5889720024526692	0.14914996794883112
0.5902492629303603	0.14816957694578103
0.5915290572144575	0.1472140759675399
0.5928056630717897	0.14627454892923314
0.5940862831981069	0.145347928201103
0.5953663195145376	0.14443380546792814
0.5966414837694685	0.14353212298551596
0.5979198816721157	0.1426424929938185
0.5991981901446313	0.14176451836308723
0.6004775038066977	0.14089773344008766
0.6017563985311216	0.14003983247821764
0.6030315580790235	0.13918375713770154
0.6043120452600342	0.1383201703116344
0.6057462842079435	0.13745026153163112
0.6071864498968126	0.1365920381721553
0.6084660970352569	0.13576343145038922
0.6097456259350352	0.13496549180832232
0.6110215730699026	0.13418874634176267
0.6123020932166918	0.13342590825829242
0.613578583310091	0.13267433892552544
0.6148555930645901	0.13193328897495957
0.6161346781355428	0.13120240967180288
0.6174142390879773	0.13048165467945042
0.6186940780527191	0.12977117235429095
0.6199714316097045	0.1290706984422595
0.6212482464464398	0.12837807450023053
0.622524782273146	0.12768724568825818
0.6238032339910325	0.12699056257571054
0.6252433151780533	0.12628922938329779
0.6266825686815733	0.1255981952625519
0.6279606354430323	0.1249319891624508
0.6292350184651766	0.12429102210466259
0.6305149539583451	0.12366725498287492
0.6317935352720927	0.1230547984513193
0.6330718246696984	0.12245171178644032
0.6343509661986778	0.12185762233436809
0.6356275920832307	0.12127238089288025
0.636906676423135	0.1206957697189103
0.6381838922646125	0.12012730098402294
0.6394630097129462	0.11956525815696914
0.6407421345491243	0.11900505806719452
0.6420211639875976	0.1184408082523413
0.6434575630587706	0.11787340282971731
0.6448960928656475	0.11731456769659651
0.6461766571933077	0.11677589289603058
0.647453370487306	0.11625790419728804
0.6487309410359982	0.11575427125661769
0.6500101250423961	0.11526016647485295
0.651288312516342	0.11477390618293432
0.6525670966224395	0.11429515646615775
0.6538442062294454	0.11382381734064884
0.6551234303799098	0.11335974625215818
0.6563983571301175	0.11290269094343096
0.6576787854633372	0.11245223253565477
0.6589606305646428	0.11200717332401108
0.6602364772445315	0.11156401400740125
0.6615137079291364	0.11111793298985254
0.6629517394236184	0.11066946378636966
0.6643928583177785	0.11022795294944988
0.6656707699093342	0.10980265648854587
0.6669470201387795	0.10939392214153333
0.6682276892463636	0.10899676346253133
0.6695057945155208	0.10860759530099454
0.6707835844793886	0.1082251995662508
0.6720502809389711	0.10784897422080103
0.673330374395644	0.10747831216466991
0.6746105470750103	0.10711298263363045
0.67589161020963	0.10675314271169489
0.6771714151246526	0.10639882463571795
0.6784507338249128	0.10604914640663893
0.6797297556035686	0.105701274724384
0.6810039562213641	0.10535135782232811
0.6824391257612612	0.10499967001492158
0.683881790598968	0.10465341215247773
0.68516338796083	0.10431991150440148
0.6864364670449472	0.10399954570087623
0.6877184479644353	0.10368834286083625
0.688997399166961	0.1033833610385895
0.6902764843901101	0.103083605608836
0.6915491368332557	0.10278873476220604
0.6928324843705032	0.10249802530607435
0.6941099930772563	0.10220327715366911
0.6953842905317604	0.10183401088826763
0.6966638342080357	0.10104993903661622
0.6979432003087694	0.0990117891839957
0.6992201329311255	0.09502478319638737
