X	Y
0.050642115350293254	0.08481194962454093
0.052090437624041135	0.09273949155912954
0.05335845698788828	0.0839529176161479
0.054642639666127396	0.06871251724796268
0.055906822877847	0.054852634834888225
0.05717943007142487	0.044276008336885664
0.05846744351971755	0.036577488676903615
0.05977827312191468	0.03118198260547074
0.06105239272272578	0.027700791766449857
0.062321058364459704	0.02587422295631664
0.06359424946514189	0.02553418621600739
0.06486928688746757	0.026601105139156013
0.06614456141601391	0.029094742386422717
0.06742318055048704	0.033174714683589165
0.06869248769272986	0.0391733912704442
0.0701231533819365	0.047556830805571396
0.07156070807947686	0.05914357639626637
0.07283732569538062	0.07776630862470212
0.07409816051038658	0.12602231255206603
0.07536960629051202	0.29198073797755697
0.07665511322773574	0.7310759375300967
0.0779505752304641	1.3920118136645936
0.0792722183373474	1.7564390984564586
0.08058440818267525	1.437911369164233
0.08186711173273191	0.8122120201440916
0.08312866014174686	0.39639267515379517
0.08439266144806408	0.24613912919076478
0.0856728580956071	0.21010450132947336
0.08694348939044698	0.2021043604020427
0.08822595377197405	0.2000692654672799
0.08965391530890689	0.20007208262349593
0.09106941686556244	0.20112069148911013
0.09233978691982583	0.20275368026838264
0.09362267628618676	0.20470912196452237
0.09490348359120268	0.20681599686429863
0.09618755482646815	0.2089604817699514
0.09747003055603377	0.21107438366152456
0.09875187291226033	0.21311272421286334
0.10003072874940223	0.21504046352850373
0.10130284855637185	0.2168321565601473
0.10257583171268496	0.21846922012562336
0.10385474370386398	0.21993760557100936
0.10513622880684464	0.22122810187436595
0.10641221277418107	0.22233445642335872
0.10784249235210612	0.2232453251762172
0.10927902962961647	0.223940626232898
0.11055972186680953	0.22440663260180704
0.11183705344469141	0.224648560736641
0.11310965456949403	0.22468048842937863
0.1143849953620133	0.22451194167390567
0.11566946650178282	0.2241465341005588
0.1169559641654812	0.2235861467338304
0.11824260481797294	0.2228337387819115
0.11953398987995083	0.22189437594739736
0.12082466230305411	0.2207753317928805
0.12210172509634647	0.21948351513328687
0.12337485396254436	0.21801903202241169
0.12464895275184039	0.21636772246877964
0.1259236343272128	0.21450771755874518
0.127368344880493	0.21244285601127205
0.12879486204457183	0.21022172667357752
0.13007905327065547	0.20789748903738503
0.13135179218838658	0.2054838229230114
0.13262982664615777	0.20296766528273774
0.13391138762418694	0.20034087487092508
0.13518448012231998	0.19760682133317628
0.1364622881188864	0.1947729100704785
0.1377355703481148	0.19184678798704682
0.1390110486943793	0.1888369521827882
0.14029265167191127	0.18575559691458757
0.1415740744672138	0.1826191028184377
0.14284964192021865	0.1794392821369774
0.1441193145462515	0.17621128589933585
0.14539894478146964	0.17292819747949612
0.14683682883904955	0.16963812539199927
0.14827735812157364	0.1664738491090067
0.14955661868095704	0.16359570925833958
0.15083486815625216	0.161154515580844
0.15211406858194979	0.1594089320633516
0.15339210707542394	0.15909091282089147
0.1546627944027998	0.16202566918779643
0.15595589067576923	0.17023754092689317
0.1572312789299644	0.1801191223917992
0.15850986873636788	0.17911161814638807
0.1597972712894127	0.15970978157383595
0.16107830672569937	0.13170602376029536
0.1623524208457238	0.10824018886063698
0.16363618631242535	0.09217581801524223
0.16507349495281004	0.08073394961991225
0.16650231871813612	0.07180334152176339
0.16778594594789992	0.06454004023802008
0.16906478747358092	0.05849194492463901
0.17034201825883458	0.05332246886697285
0.17161952559348181	0.04881741141097972
0.17288847024999282	0.04485543384223034
0.1741711915195786	0.04136182069932539
0.17545166482217844	0.03828607631662756
0.1767281606813919	0.03559049130548886
0.17800540860746372	0.033243011787024504
0.17928676397565385	0.03121575914667142
0.18056229576910168	0.029483590483877286
0.18184093191769424	0.028021044729390494
0.18312079909753276	0.026805677192405508
0.18455759360409946	0.025829431731615875
0.18599147655806791	0.02509848945215165
0.18727167981764645	0.02461279645417033
0.1885536853493698	0.0243544222641622
0.18982603609732188	0.02429901210941714
0.19111214469030052	0.02442777658820899
0.1923824598305624	0.024728046545917728
0.19366061003766127	0.02518983063154707
0.19494497284329348	0.025803628457839248
0.1962201914514347	0.026560030941119216
0.19749861463604124	0.027450115147690267
0.19877899742197186	0.028465821922350844
0.20005763417917513	0.02960252243048669
0.20133593166656458	0.03086444301215372
0.20261071652924248	0.03226113486812573
0.20405233932047612	0.03378388726236
0.20548376242448124	0.03539195467805123
0.20676645193291754	0.037042027485082486
0.20804238028922833	0.03872019594152393
0.20932464306949197	0.04043221374286723
0.2105974044122261	0.042181204803595634
0.211877584772182	0.04396311112584414
0.2131496359363583	0.04577080557802864
0.21443200214126465	0.047596062219211255
0.2157096384788062	0.04942989582188184
0.21698613834964878	0.051263417869898555
0.21826895202572077	0.05308868061811346
0.2195466427543413	0.05490150444097691
0.22082457792868898	0.05670712347514624
0.22210580779109035	0.0585149945114045
0.22353945919876966	0.06031271247511316
0.22497906126110515	0.062053923053929275
0.22626112193706532	0.06369360293282872
0.22753456146648232	0.06522227149129307
0.22881771808357124	0.06665201531765876
0.23009200179933917	0.06799041149790143
0.2313632577414977	0.06923634854291079
0.23264606108415609	0.07038441804476854
0.23392658536798197	0.07142419901500505
0.23520276724628048	0.07233103998514923
0.23648515623532262	0.07304950949556091
0.23776712013737614	0.07350324311732462
0.23904497926777735	0.07365991849929314
0.2403258151737467	0.07357343930184806
0.24175426040955175	0.07333238276360819
0.24319903946443763	0.07299715568069985
0.24447958078571413	0.07259283483877915
0.24575615543736679	0.07212499878188304
0.2470330933823856	0.07159230669679535
0.2483090373374402	0.07099360034731628
0.2495885433227169	0.07032950403102008
0.2508595163535342	0.06960144599910004
0.2521410883601002	0.06881128313308955
0.2534226391001251	0.0679618181398524
0.2547029828899988	0.06705653303441217
0.25597786042599363	0.06609811063618978
0.2572571907543518	0.06508590681114516
0.2585337227592348	0.06401257164556898
0.25981404396095126	0.06286771085065697
0.2612546042733287	0.06165625185486735
0.2626932846915575	0.06040786642277379
0.2639653029552008	0.05915252962291216
0.26524813200809644	0.057896471518160575
0.2665335971604221	0.056631928345954236
0.2678053055940459	0.05535410055565455
0.26908158894898493	0.05406320400458582
0.27035954193950573	0.05276169476431659
0.27163629353819363	0.05145306040369689
0.2729116190269426	0.05014092370373115
0.274192649151815	0.04882886294555044
0.2754711684324083	0.047520220162431445
0.2767516181101631	0.04621558975277911
0.2780311323588658	0.044908595003365234
0.2793094850500561	0.04358942696115223
0.28074441475760903	0.042263949150026715
0.282184671845087	0.04096333212512228
0.28346175022088577	0.03971821984420014
0.28474007395801454	0.0385330480975888
0.2860171994417106	0.03739603697767871
0.28729400083765605	0.036298653214980936
0.2885746409206038	0.03523968243851828
0.28985821571293674	0.03422146309055818
0.2911311638113932	0.033246566618989684
0.2924072298021767	0.032316403415165895
0.2936864123503303	0.03143178144690931
0.29497031006410196	0.030592636746961856
0.2962426043351019	0.02979541750285132
0.29752038444825357	0.029034574960749744
0.2989583016695554	0.028313133820416683
0.3003966683558643	0.027647153410934332
0.30167623344670147	0.0270510018848203
0.30295305491678354	0.026524397395078537
0.304229291787928	0.026058818060628697
0.30551217289574645	0.0256479905125355
0.30678477018216127	0.025289454295199486
0.30806625884173855	0.024982118457432652
0.3093426232230175	0.024725034453833387
0.31062404758020085	0.024517190988212895
0.3119037529247026	0.02435744346993434
0.31318089626935647	0.024244470661418663
0.3144533946214801	0.024176937921353947
0.3157352484466938	0.024153986211319266
0.3170134007241838	0.024175333983392902
0.31845166643196204	0.02423992213291266
0.31988338569834357	0.024344363287622215
0.3211646931316507	0.02448397950650545
0.3224451986776364	0.024655202295558367
0.323721849070789	0.024855906545828626
0.3250021638111086	0.02508424584259782
0.32628018783276913	0.025338060337468927
0.3275616694595771	0.025614896557913366
0.32884274910099637	0.025912198844809615
0.33011452154007415	0.02622763399094718
0.33139188877841247	0.026559085794982413
0.3326809712289098	0.02690432538021612
0.33395715530085146	0.027261817553452784
0.33522740942227364	0.027632530136320665
0.33651569659650876	0.028018580678219798
0.33795312647379205	0.028416936974077694
0.3393806537390915	0.028816924884366973
0.34066092610981547	0.02920827443800968
0.34194185947776834	0.029588427449479683
0.3432204491670478	0.029959443660043866
0.34450111922551074	0.03032247627458825
0.3457758795026106	0.030676863763982234
0.34705420364904366	0.031021304297091646
0.34833144900246843	0.03135436138300392
0.34961469899558384	0.03167449750615173
0.35088898223434045	0.03198027365825854
0.3521666956049665	0.03227058346056036
0.3534515888595893	0.032544841309218864
0.35472576701591474	0.032803518103942435
0.35600407551071006	0.03304761064403512
0.3574383701215071	0.03327549905673524
0.3588763499461557	0.03348166115082138
0.36015629431944923	0.03366122260112011
0.36143734591927706	0.03381389433049397
0.3627097758559823	0.033941993011847776
0.3639876943045501	0.034047237464102986
0.36526933105131726	0.034130163213919165
0.3665495860965906	0.034190811395542434
0.36782414093819926	0.03422922218218555
0.36910658299821314	0.03424555655842753
0.3703834036925475	0.03424002559579108
0.3716665478510861	0.03421266590767971
0.37293873951068707	0.03416293151858586
0.3742220437723731	0.03408982532883115
0.3756525544629099	0.03399350937718358
0.3770981168598916	0.03387664746797829
0.3783801813009603	0.03374267135985477
0.37964846050018247	0.033593146640432406
0.38093123829085945	0.03342807771837186
0.3822123021072658	0.0332476343825219
0.38348526480371053	0.03305254122419683
0.38476405113180523	0.0328437081892882
0.38604384497031213	0.032622136092655324
0.3873183970260255	0.032388860897264615
0.3885958545782528	0.03214486715516961
0.3898775229040004	0.03189107850352531
0.391155175332767	0.031627855351524
0.39243335874726903	0.03135389474363524
0.39370873684612145	0.031066923124345572
0.3951461847058034	0.03076823167386554
0.39658758622683543	0.030465235930241977
0.39786821941850037	0.03016567319492308
0.3991473071062929	0.02987134290546091
0.40041742970456556	0.029580039114489348
0.4017038362765019	0.02929018294951983
0.40297771529700216	0.029001933591010456
0.40425845932673743	0.028716161717291452
0.4055355290390185	0.02843377366116679
0.40681290635864575	0.02815556545579745
0.4080898300952875	0.027882239910143266
0.40937336782062256	0.02761447907028327
0.4106543849869294	0.02735255504788974
0.41193093687014737	0.027095359207755253
0.4132040886731729	0.02684099358764248
0.41464787011618504	0.026590544924217085
0.41607712607634073	0.026349802234928964
0.41735956803968066	0.026124245029467683
0.41864401744270346	0.025914459303857003
0.4199144429580534	0.02571807842855919
0.4211971048991123	0.02553332823450893
0.42248470937557503	0.02535985128384072
0.4237552088637544	0.025197865908387577
0.4250331714910399	0.025047470199153522
0.4263083731522245	0.024908631109453273
0.42759007484265427	0.024781312516200856
0.4288608300723557	0.0246653122442197
0.43014808483140177	0.02456003344897999
0.43142252071026116	0.02446480510879582
0.43286321446696635	0.024379967030307644
0.43429786096103096	0.024307155213460645
0.43558094112436835	0.024247597360818923
0.43685234811117285	0.024200800864216006
0.43813366345762106	0.024165408155199863
0.4394087112848059	0.024140378555023156
0.44068749487429104	0.024125126413144817
0.4419711601688719	0.024119232324196462
0.44324846885026303	0.024122284910757307
0.4445295285704039	0.024133845072068533
0.44580210545693594	0.024153459682687242
0.4470806679968394	0.02418070046321112
0.4483582623074603	0.02421526520558061
0.44964023534526854	0.024257162111554483
0.45091887528331004	0.024306590546386283
0.4523525137068585	0.0243630697191925
0.4537984080319813	0.02442485583556547
0.45507011264942965	0.024490039479170323
0.4563455268609112	0.02455785776604952
0.45762913144337125	0.024628347549434784
0.45889815002371886	0.02470145116028192
0.4601848932234721	0.024776824259190002
0.4614567240175184	0.024853998989752702
0.4627385942901362	0.0249324894775701
0.46402126860224935	0.02501179349547827
0.46529793441991973	0.025091405115784178
0.46657954753369196	0.025170881810520004
0.46785859065506996	0.025249995096402477
0.46913043027998075	0.02532897706532963
0.47041369455945	0.025408248417093438
0.47185413787593916	0.025487209409630812
0.4732888664536958	0.025563771710063774
0.4745618484305102	0.025636013536537664
0.47584427306042937	0.025703614100445592
0.47712449203067225	0.02576714454768689
0.4784007690946664	0.025826957690801625
0.47967959027766005	0.025883034438161596
0.480959185570318	0.02593521122816469
0.4822331006204051	0.02598330665258753
0.48351748893200136	0.02602715395587008
0.48478859443978045	0.026066617383343087
0.486062980461232	0.026101610565213436
0.4873510686658503	0.026132088199507277
0.48862026172674733	0.02615806055265324
0.48990138232076974	0.026179547359164657
0.4913434468165791	0.026196371126737495
0.49277889400778174	0.02620815667530073
0.4940559965248909	0.026214709979442787
0.49533586054521117	0.026216206644663183
0.4966055887880297	0.026212956773705255
0.49788906453616005	0.0262051867623079
0.49916399237050063	0.026193042601990995
0.5004500097781767	0.026176657392345648
0.5017264285436197	0.02615617314694207
0.503001523190579	0.02613173086086138
0.5042856827407961	0.026103465704470925
0.5055669059024125	0.026071436714302034
0.5068422626951993	0.026035447547601485
0.5081191922455973	0.02599513715502333
0.5095626102841738	0.02595070159406063
0.5110012590633529	0.025903325695961564
0.5122782491878396	0.02585427708103419
0.513547428312136	0.025803902927273956
0.5148308287704372	0.025751941201123004
0.5161063018783694	0.02569824934805344
0.5173885074808071	0.02564295919522768
0.5186711215746933	0.025586327681164825
0.519943307335715	0.025528607756978277
0.5212205515408155	0.025470000257799184
0.5224993675240301	0.025410688550557625
0.5237747979752136	0.02535084579205733
0.525057971413599	0.02529053020368164
0.5263373989893568	0.025229490148283126
0.5276133463375254	0.02516728385153925
0.5290436699226804	0.02510416542836119
0.5304891803976407	0.025041621156768706
0.531773675742825	0.024981203924551016
0.5330500677349	0.024923243096232905
0.534327673892913	0.024867236384214515
0.535601561934432	0.024812787434568828
0.5368806868001338	0.0247598220526837
0.5381538664187867	0.024708405281612153
0.5394329647316634	0.024658643109133092
0.5407238245995344	0.024610688363047778
0.5419931123698055	0.024564688657381154
0.5432699147706923	0.024520706915492796
0.5445560257261883	0.024478708168459096
0.5458281777214019	0.02443849160130539
0.5471024395329463	0.024399762830906672
0.5485441923563747	0.024362666278347787
0.5499805341871834	0.024328028542608075
0.5512594736261314	0.024296594738533926
0.5525364062948601	0.02426835769977034
0.5538239318149608	0.02424290258215007
0.5551009218317451	0.024219936728553937
0.556377010783274	0.024199345671286874
0.5576577405380619	0.024181071649537107
0.5589266317085947	0.024165062817641622
0.5602160557827561	0.02415127293175294
0.561495392919853	0.024139663115235847
0.5627652541670831	0.024130182545620528
0.5640475435895544	0.024122761228715633
0.5653244037110515	0.024117329846650003
0.5666024961702846	0.02411383858279918
0.5680388505800134	0.02411225617915574
0.5694789854811576	0.024112530286033353
0.5707570805210338	0.0241145474894477
0.5720369645014038	0.02411815869948223
0.573308613704349	0.02412322837396441
0.5745923624175348	0.024129643445315405
0.5758681767265044	0.02413729914687863
0.5771475081992338	0.024146091808494252
0.5784282562908886	0.02415591712855297
0.579704679856864	0.024166670688701285
0.5809862400710707	0.024178253009520635
0.5822665050504253	0.024190596442706002
0.5835394867622562	0.02420372024143837
0.5848157876365789	0.024217695209229333
0.5862554675188175	0.02423241219146748
0.5876919617928598	0.024247457222970635
0.5889731211758654	0.024262408430787707
0.5902455014610866	0.02427714144768379
0.5915353915820638	0.024291719040245914
0.592806331144243	0.02430617112913234
0.5940879835354073	0.02432045872925507
0.5953686851531718	0.024334512004771876
0.5966475448519338	0.024348251675010896
0.5979254443744879	0.024361604604339414
0.5991989577689172	0.024374511244169644
0.6004773352885044	0.02438692317686933
0.6017589984539194	0.024398812960043603
0.603027657071585	0.024410205989310447
0.6043159582244179	0.024421150014927097
0.6057443445196243	0.024431566950178046
0.6071857967794488	0.024441198586074398
0.6084659036730472	0.02444981379653495
0.6097490280719279	0.024457387528541288
0.611030006969281	0.0244640124664472
0.6123053848086122	0.02446975691235325
0.6135778157455339	0.02447464260997163
0.6148632329241736	0.024478671549202715
0.6161300846504051	0.02448184203059757
0.617412035348508	0.024484155563173005
0.6186874757985399	0.024485616834522057
0.6199722026983986	0.024486231327998403
0.6212473178096903	0.02448600014893018
0.6225320065906836	0.024484907940247925
0.6238029074237017	0.024482925905615096
0.6252488750967095	0.024480060957235154
0.6266777795015183	0.024476397024240797
0.6279566906920868	0.024472042621599722
0.6292363825587364	0.024467054283871064
0.6305161093592376	0.024461444737729557
0.631795447128792	0.024455229260250448
0.6330750414458214	0.024448438715926658
0.6343516601402756	0.02444110878190855
0.6356227617139268	0.02443327321508486
0.6369128262231569	0.024424968773746364
0.6381818834597368	0.024416234532401746
0.6394720791700478	0.02440708737978781
0.6407395909265499	0.024397481319755828
0.6420175583614118	0.024387331996245626
0.6434573030367767	0.02437668505732537
0.6448971346364638	0.02436581161434337
0.6461799541269997	0.024354994125477987
0.6474496578054284	0.024344298227302635
0.6487322558258366	0.024333647597227222
0.6500083730176855	0.024322990700230123
0.6512845417403602	0.02431233302423396
0.6525673431304987	0.024301704705057665
0.6538432220186483	0.024291144527446663
0.6551301607872906	0.024280692835932143
0.6563959667784289	0.02427038189314601
0.657680969917981	0.024260231306552082
0.6589567262646888	0.02425024175851622
0.6602374629421016	0.024240368160431538
0.6615125124810626	0.024230539603585257
0.6629464509124062	0.024220796646090614
0.664388440376406	0.024211362898229085
0.6656685001663144	0.024202458906259224
0.6669524247289003	0.024194115972194664
0.6682258377258903	0.02418624564138894
0.6695014238173868	0.02417877921298401
0.6707863423959369	0.02417169808780527
0.6720472737046927	0.024165002587388712
0.6733326146041566	0.02415869352040539
0.6746129038391319	0.024152776125977913
0.6758881335181135	0.024147258315890107
0.6771715354724844	0.024142142677929242
0.6784481655490545	0.024137421186366876
0.6797282325228444	0.02413306762688372
0.6810079635701266	0.02412904913187491
0.6824348030917847	0.024125374882430384
0.6838818345252523	0.024122114640999705
0.6851614521521651	0.024119327399219976
0.6864336538276712	0.02411699875411701
0.6877220444837591	0.024115074173499985
0.688991935898732	0.02411351182061113
0.6902826088279094	0.024112289585185742
0.6915516015905186	0.024111392431636337
0.6928244328932672	0.02411080533271409
0.6941136902221198	0.024110511484568855
0.6953831637498894	0.024110484474257055
0.6966629009387022	0.024110652966384052
0.6979343196212956	0.024110846877731917
0.699223414516883	0.024110853329179255
