X	Y
0.05065545988985826	0.16483606442918944
0.052085554000887595	0.18750431619622235
0.05335662162898894	0.19990936296262407
0.054639993596300604	0.20605098662638704
0.05591606664309932	0.21073288804852874
0.05719558052525507	0.21606427378263915
0.05847147507826467	0.22279380810186145
0.05975083195210166	0.23143196524896467
0.061021491066830386	0.24281726176737908
0.06228968120868748	0.2586402713881437
0.06356711429775481	0.282498716995987
0.06483901282407761	0.3250023446371679
0.06611579971818714	0.42053134211507615
0.06739588218327731	0.643731249767424
0.06867824582479658	1.0411308066042915
0.07012164270679158	1.456291917370511
0.07158052075267782	1.5613974528382035
0.07287080382948498	1.2473439250413567
0.07415555363329587	0.7799809813099945
0.07543717364486933	0.4425655842094077
0.07672011998185845	0.2803560002959853
0.0779965959629488	0.21406186685073192
0.07927717362652276	0.18322488677714002
0.08055237920875777	0.16507318781463665
0.08182754778695733	0.1527294672612197
0.08309956175690072	0.14369401281329527
0.08437154293095786	0.13676196861909348
0.08565027960436623	0.13126638031716484
0.08692613355851614	0.12679207664750863
0.0882010585320041	0.12305166894574784
0.08962738120279541	0.11987489719576203
0.0910570134724418	0.11719053505028301
0.09234543963257451	0.11495146946130991
0.09362729911182265	0.11308203110418569
0.09489153655267302	0.11149345599651285
0.09617421419449919	0.11011659810962779
0.09747552857266034	0.10891193913203666
0.09876208895351939	0.10785944869602287
0.10002585799164258	0.10694004648393868
0.10129292531529392	0.10613246665803469
0.10256913647077656	0.10542213442468494
0.10385004858083588	0.10479766507221984
0.10513429271250858	0.1042474443860975
0.1064185450840804	0.10376303236426361
0.10785607385723457	0.10334262120362171
0.10929731738890568	0.10299141969582006
0.11058361603863172	0.10271387304656558
0.11186455297366599	0.10250760741435862
0.11314056402646328	0.10236762194604772
0.11441660050189935	0.10229169684626828
0.11569785069166161	0.1022809888591434
0.11698008485818219	0.10233885877042694
0.11825248657076524	0.10247026271108
0.11952823261546379	0.10268172352940173
0.12080624553259023	0.10298156482766949
0.12207999060025054	0.10338071057527819
0.12335926633529357	0.10389528561564024
0.1246365030504793	0.10455148343430533
0.12591350644296181	0.10538535866168734
0.12735410400665853	0.10642833136172371
0.12878609739619098	0.1076965907071777
0.13007129986108834	0.10921164393871485
0.13134517764537257	0.11103135688174541
0.132621380658427	0.11325946149208536
0.13390331662187113	0.11605423202499812
0.1351749859148047	0.11968561270339456
0.1364546572720203	0.12471297563331102
0.13773361881354845	0.13234476581340412
0.13900936509809217	0.14440469144039578
0.14029441955404648	0.16112303066145836
0.14157424885462244	0.17736980621916465
0.14285317790596405	0.1843427486862503
0.1441267515079271	0.17878070250794487
0.14540694432065832	0.1668328506980252
0.14685124016896112	0.15632580708834898
0.14828918551452783	0.1499663664657845
0.14956945350385883	0.1466904808503593
0.15084681035430708	0.1450264538412211
0.15212487874562428	0.1441698319503725
0.15340464771669515	0.14377454910106002
0.15467467940556107	0.14368651820626668
0.15596417551649666	0.14382559885835047
0.15723383335770588	0.14414484028381114
0.15850824418861187	0.14461437692285445
0.1597935825385909	0.14521438404123038
0.16107602566313253	0.14593384321285166
0.16235088337090323	0.14677262071208874
0.16363020314895027	0.14773825010081196
0.16507107391840778	0.14882804805632383
0.16650204402813207	0.1500174323045179
0.16777947341445945	0.15128050131311852
0.16905826596611345	0.15261408465620005
0.17034022418029757	0.15402980740346553
0.1716151141105236	0.15553662125668058
0.17289112583497582	0.1571402778042775
0.17416924959769706	0.1588462001577001
0.17544907479448907	0.16065750712982477
0.17672777120815025	0.16257694672043885
0.1780058436999773	0.16460862745778734
0.17928746612372162	0.16675779845469452
0.180564476720162	0.1690367441559365
0.18183696182920983	0.17147620415036616
0.18311413431733523	0.17411825286448673
0.1845616708768456	0.17696952812538594
0.186001367509636	0.17997421730274865
0.1872817549709166	0.18307244931693498
0.1885572749456768	0.18626271639424258
0.1898280992218933	0.18958285695300534
0.19111075225208882	0.19306582707487968
0.19238389037097792	0.19672979677390315
0.19365878803640624	0.20058765133497253
0.19494227067334965	0.20465173187689056
0.19621574704160333	0.2089347380702195
0.1974989836561133	0.21345178297744313
0.1987751948824717	0.21822453106184803
0.2000529324596529	0.2232955424941473
0.2013332393333327	0.22875204028871746
0.2026079614088435	0.23471418549855252
0.20404928481793633	0.2412434650841848
0.20548481653941225	0.24829198282368867
0.20676420875738247	0.25584196211264826
0.2080435174658244	0.26407233433863553
0.20932126024313655	0.27329699497941196
0.21059458621516233	0.28350867754168785
0.21187358722683255	0.29343877962148573
0.2131501737007341	0.30015518577756295
0.21443453957669245	0.30094465343242416
0.21570819237941308	0.29609726355354976
0.21698830733085034	0.28867395988264166
0.21826956645483403	0.2815688873973614
0.21954821563726282	0.2758628654423947
0.220822735710577	0.271428873892813
0.22210372123457342	0.26789164652414565
0.22354074439607038	0.26500402487248753
0.22498382147394305	0.2626590994550453
0.22625894873661118	0.2607928879976914
0.2275377459869077	0.2593211623252495
0.2288159632754444	0.25815666900717715
0.23008965637947953	0.2572379546672369
0.23136618515654972	0.2565275829981688
0.23264106475286334	0.2560003599067787
0.23392370759920364	0.2556370978879443
0.23520289897760582	0.2554223060513861
0.23648298693061334	0.2553430919188088
0.2377643259798736	0.25538928928477944
0.23903889227784494	0.2555549271934303
0.24031826366602901	0.25583750533970895
0.24175596699654808	0.2562308296400614
0.24319797997697498	0.2567191487584587
0.24447361008342772	0.2572845103874689
0.24575193876591622	0.2579173472857126
0.2470315043020041	0.25861494341331254
0.24830911399535002	0.2593746855289336
0.24958998004487992	0.2601921669641125
0.25086226215424257	0.26106244623757857
0.25214226098596515	0.2619807417884794
0.25342009582328007	0.26294219043747563
0.254697574356365	0.2639418597980966
0.2559782031003065	0.26497520158741267
0.25725972595950175	0.26604010577990755
0.2585336580067993	0.2671409217170929
0.25981794975248396	0.26828505932186497
0.26125575015423297	0.2694650633644098
0.26269006866392536	0.27065013588491893
0.26397078404085056	0.2718095568038318
0.2652474017724641	0.27293550593154775
0.26652692633170094	0.2740342033562292
0.2678042764037854	0.27510886345565433
0.2690772208177395	0.2761567425577225
0.2703567981775732	0.27717224894701925
0.2716392117451067	0.27814801014679175
0.2729185997054082	0.2790754390653001
0.2741943223207214	0.27994584192185296
0.2754692336865347	0.2807506403676359
0.27675113167685894	0.28148071678296777
0.2780268458965488	0.28212569446519487
0.2793056336556588	0.2826697368985283
0.280748709328432	0.2830801556910929
0.2821847076591512	0.28329643569478974
0.2834631658351439	0.28323303829610513
0.28474343335454894	0.28280831181370847
0.28601697429462575	0.28199971816714586
0.2872978924021181	0.28087817803042364
0.28857683343078977	0.27957119519528917
0.2898540069430265	0.2781915597705213
0.2911289300541847	0.27680371125557823
0.29240787264312584	0.2754348331768054
0.29368676845499253	0.27409445007470185
0.29496220451385924	0.27278277215471636
0.296244579018312	0.2714908923815138
0.2975226639227559	0.2702061318028335
0.2989616753802861	0.26893052140825924
0.3003952076943231	0.26768915641517627
0.3016772817689533	0.2665055512339455
0.3029519168492549	0.2653783213093326
0.3042350270685623	0.26429167101101547
0.305516528328773	0.26323390688986437
0.3067901505059907	0.26219986452387445
0.30806738632706443	0.2611863787889313
0.3093445961389907	0.2601907448466867
0.31062433283561713	0.25921100760742344
0.31190433706082404	0.25824558679288945
0.3131760941147207	0.25729196408677646
0.31445469229287876	0.25634494802354035
0.3157383639452935	0.25539476171523456
0.31701357941383423	0.25442970191788383
0.3184497062019854	0.2534494886771248
0.3198892688219238	0.2524724908329079
0.321162981832937	0.25151703396047564
0.3224448070853832	0.25058258956303087
0.32372387022264015	0.24965733162423925
0.3250018852757397	0.24873215026253198
0.32627987647917545	0.24780281581724675
0.32755476672641964	0.246867082247918
0.3288390557339024	0.2459234697382295
0.33011548485450304	0.2449708934736718
0.33139204340107786	0.24400821642499043
0.33268009345231586	0.24303419488772504
0.33395325452360686	0.24204533675121043
0.33522770593226464	0.24103139653686076
0.33650732912038606	0.23997866625769418
0.3379457217455851	0.23888741741628725
0.3393885579861994	0.23778043802623475
0.34065987557065164	0.23668063625418126
0.3419377605528703	0.23558890188562776
0.34321976672968996	0.23449307724079968
0.34449883301961354	0.23338440817899814
0.34577292262064124	0.2322597717499955
0.3470574416281489	0.2311184356052392
0.34833394389882943	0.22996065404572943
0.3496128866103014	0.2287868142192608
0.3508904111121992	0.22759695476128744
0.35216786942731626	0.2263903257013387
0.35344539162017197	0.22516320158557182
0.354725330186097	0.22390527805762145
0.35600711017147363	0.2226034958682323
0.3574358354734344	0.22126116169620463
0.35887914752894334	0.21990827792655804
0.36015551941290236	0.21857607232189252
0.36143684243397084	0.21726975416297428
0.36271051915280345	0.2159770894816706
0.3639896747117327	0.21468842207872524
0.3652749205539297	0.21340155569515962
0.366546175529465	0.21211720850950372
0.36782582348281573	0.21083575866620524
0.36910734299550363	0.20955763354170048
0.370386899704267	0.20828305572412914
0.3716577888635639	0.20700872627429243
0.37294760347730543	0.2057242674041313
0.37421914831535347	0.20441624131470298
0.37565306658304276	0.20308643853874558
0.37709525805523203	0.20176226365290686
0.3783760913111687	0.200471961865197
0.3796488493729201	0.199217816754093
0.3809301787835678	0.1979854923803894
0.3822078601846469	0.1967641549993422
0.38348329398987846	0.19554993246685598
0.3847591807711067	0.19434160406216577
0.38604354969109617	0.19313899094079912
0.38731868154098326	0.19194251809351087
0.38859880926891455	0.19075234309608274
0.38987894195863193	0.1895677996638973
0.3911553408616974	0.18838541529763733
0.39243780531689043	0.18719528362575816
0.39371558637027015	0.1859845933053138
0.39515374880653864	0.18475548919818946
0.3965950875872456	0.18353408257305837
0.39786991717644127	0.18234602963950963
0.3991438083849944	0.18119214919877213
0.40042451413843705	0.18005857254755978
0.40170811026182984	0.17893585749098884
0.4029833777150192	0.17782144096897531
0.4042575835206247	0.17671455157101465
0.40553927086002867	0.1756146153253607
0.4068161882367921	0.17452179048992572
0.40809600926476314	0.1734365560647972
0.4093712056454233	0.17235856321685325
0.41064857060118837	0.171284438102473
0.4119244997208908	0.17020470216234887
0.4132034319927157	0.16910752591262057
0.4146489657436385	0.16799535301187035
0.416080950210135	0.16689216938866858
0.4173593986494087	0.16582104160780042
0.4186445163335986	0.16478342926141196
0.4199166359363218	0.16376764083853995
0.4211917717708263	0.16276423942866877
0.4224765823183456	0.1617697910828049
0.4237527607165381	0.1607841726671279
0.42503198865676056	0.1598077705922765
0.42630981430510984	0.15884051137064564
0.42758744100299545	0.1578817682399779
0.42886908264459206	0.156929026566287
0.4301479554656491	0.15597486677701142
0.4314220100350711	0.15500916540287918
0.4328625019439426	0.1540334028178863
0.4343013338907934	0.15306813015039453
0.43557426685677736	0.15213355411148988
0.436857733099196	0.15123060717255898
0.4381321665558848	0.15034875812686588
0.43941499371206116	0.1494801835264589
0.440689106464137	0.14862215486530111
0.4419712072546994	0.14777419411641043
0.44325084014121185	0.14693656019784296
0.4445271216157142	0.14610949654419686
0.4458022088577571	0.14529273628001224
0.4470821753674996	0.14448550341494876
0.44835822783745205	0.14368541073620023
0.44963659760933394	0.14288592117581395
0.450916030496681	0.14207859797788114
0.45235342131821776	0.14126487348981973
0.45379005531419647	0.14046173426426695
0.45507288587504735	0.1396859841907624
0.4563505804290665	0.13893870800046731
0.457628582134352	0.13821109246712118
0.4589035215858906	0.13749618533483005
0.46018748447863905	0.13679160616547162
0.4614648043224249	0.136097192914174
0.4627384846706805	0.13541293618819125
0.46401942323782347	0.13473848356879375
0.4652925848751502	0.13407343424961846
0.46657450023992186	0.13341733082043694
0.46785630713130366	0.13276859607005467
0.4691302831590225	0.13212219231370942
0.4704098711712733	0.13147116878526172
0.47184891136708274	0.13081648878663313
0.4732854803518467	0.13017180257730576
0.4745652111428812	0.12955052652402532
0.475847030639328	0.1289534165113396
0.4771225176008247	0.1283734590619838
0.47839856883646315	0.12780516181457546
0.47968034052781133	0.12724646399975983
0.4809514481538707	0.12669681587590556
0.48223292410734886	0.1261559776742548
0.4835128294846069	0.12562394744596866
0.4847878201773864	0.1251007730521971
0.4860675368185196	0.12458611589943411
0.4873473092059534	0.12407842274628979
0.488618672555516	0.12357342994332328
0.4899074181625009	0.12306579269591149
0.49134088187245684	0.12255661532873323
0.49278012572648283	0.12205673918270107
0.494060710874537	0.12157660859245921
0.4953304084530085	0.12111644529994114
0.49660634523022235	0.12067014836873602
0.4978880489115951	0.12023316981947138
0.49916558743868167	0.11980413335198317
0.5004500171817553	0.11938300285790979
0.5017242363710105	0.11896982558917203
0.5030046532698844	0.11856443036363792
0.504284533184973	0.1181664634037306
0.5055630149428697	0.11777475697892584
0.5068401393186898	0.11738605954472814
0.5081215686107017	0.11699628572722454
0.5095650748669228	0.11660626717179821
0.5109938204865216	0.116224144478738
0.5122773774282786	0.115857618624866
0.5135568012076902	0.1155069196529829
0.5148329754583136	0.11516784481069149
0.5161119218050388	0.1148370829144405
0.5173812949469156	0.11451316552645038
0.5186676730443059	0.11419560188551629
0.5199481012234094	0.11388445848092929
0.521226361537281	0.11357993865926161
0.5225046186050543	0.11328203906024531
0.5237822372275214	0.11299045546734497
0.5250553273036275	0.11270415508137017
0.5263358853801612	0.11242065020615351
0.5276129092767265	0.11213694993370948
0.5290532730900092	0.11185361340140548
0.5304893394857072	0.1115765353780539
0.531765019321686	0.11131133248918734
0.5330509430939543	0.11105813945033424
0.5343249140929499	0.11081384672343428
0.5356027881509253	0.11057602943464895
0.5368825815163255	0.11034374559724938
0.5381636090447123	0.11011680726673612
0.5394373090483933	0.10989515333386336
0.540717180963977	0.10967863589987295
0.5419943765668144	0.10946709441819212
0.5432732045607509	0.10926034398403323
0.544553938136659	0.10905780940801856
0.5458299126685588	0.1088578779144918
0.5471072652944603	0.10865841841442987
0.548545766047434	0.10845969482200249
0.5499824153621645	0.1082657642712393
0.5512609616899766	0.10808056838413431
0.5525438906883154	0.10790420944790652
0.5538191669077362	0.10773447717709905
0.5550972392844555	0.10756967392834518
0.5563791351987037	0.10740918289275868
0.5576531576904858	0.10725282288818519
0.5589235172064044	0.10710039150047185
0.5602104465697145	0.10695173282722323
0.5614884109644872	0.10680684346997471
0.5627615761174889	0.10666562034856297
0.564040981307019	0.106527561144857
0.5653265259809739	0.10639155937223677
0.5666006480887978	0.10625626683523182
0.5680346240833023	0.10612185666126675
0.5694761780786658	0.10599100173272763
0.5707561135951809	0.10586636699646801
0.5720340585899392	0.10574801561180516
0.5733095696312179	0.10563438551918361
0.5745916728610219	0.10552429587169837
0.5758716938257898	0.10541733497265939
0.5771431565157848	0.10531335918102636
0.578423614339034	0.10521223527882007
0.5797053594489185	0.10511388951042314
0.5809830836751413	0.10501826349508071
0.5822591120366217	0.10492507031880907
0.5835413838657657	0.10483353524370964
0.5848135156868106	0.10474267530835134
0.586252176805789	0.1046525853028814
0.5876911137765629	0.10456507775556431
0.5889709482560745	0.10448192471644784
0.5902481650129103	0.1044031411105924
0.5915322736999195	0.10432769781122968
0.5928059573576814	0.10425481446210225
0.5940850808104572	0.10418417291623992
0.5953665981361321	0.10411566492106722
0.5966399942914868	0.10404921983127108
0.597916585260052	0.10398474994367318
0.5992052613226818	0.10392220972100415
0.6004804511720944	0.10386159066753327
0.6017615501662735	0.10380273208306977
0.6030286556406378	0.10374510473575436
0.6043084170389539	0.1036880245687755
0.6057476772450234	0.1036315405843126
0.6071853771348493	0.10357681207495521
0.608466525611319	0.10352496007698424
0.609749921002195	0.10347600329459003
0.6110216087720137	0.10342928422328096
0.6122993866284328	0.10338427104415739
0.6135808979871059	0.10334074080878648
0.6148553488945672	0.10329862398554694
0.6161375441247383	0.10325788752621215
0.617416214381477	0.10321850842172084
0.6186929934020985	0.10318045410273734
0.6199671758307623	0.10314365442124072
0.6212486217977459	0.10310796667410613
0.6225284993177285	0.103073096151029
0.6238003844015264	0.1030386747168101
0.6252460497428572	0.10300474270684455
0.6266800239454996	0.10297198799429629
0.6279621027920594	0.10294106815648679
0.629236626202933	0.10291196528773724
0.6305127575522728	0.10288425814118082
0.631790742352573	0.10285762450892533
0.6330716339255332	0.10283194033308225
0.6343488906258938	0.10280717040044372
0.635629207222026	0.10278329356489219
0.6369049277305302	0.1027602795556266
0.6381806808369579	0.10273808069782783
0.6394636592238939	0.10271661267838873
0.6407435264187562	0.10269570287034964
0.6420169917435885	0.10267513056543758
0.6434571357207184	0.10265491050547382
0.6448968459396764	0.10263544286891312
0.6461788996558607	0.1026171176385374
0.6474517812097058	0.1025999234366925
0.6487312520421326	0.10258360526521303
0.6500073827111031	0.10256796724613211
0.651287877540737	0.10255293259971042
0.6525705389804447	0.10253847998590349
0.6538424279743419	0.10252459390587502
0.6551211370340462	0.10251124743880599
0.65639653517439	0.10249841182160847
0.6576826446764081	0.10248606583557826
0.6589602081186389	0.10247417355627042
0.6602376369616406	0.10246263791476089
0.6615125506689449	0.10245132777981145
0.6629486383852315	0.10244024511649834
0.6643929501401116	0.10242960657389431
0.6656697227310957	0.10241962232824543
0.6669470932559378	0.10241028222586128
0.6682270828562477	0.10240144757883025
0.669507782313046	0.10239301712901523
0.6707830545894394	0.10238495015898605
0.6720552728422222	0.10237722409417893
0.673329988583159	0.10236981633036298
0.6746092121069244	0.10236270922371679
0.6758937436676733	0.10235589393076162
0.6771714201038743	0.10234936246174135
0.6784513639611424	0.10234309212226274
0.6797359734896364	0.10233703080345356
0.6810080506242723	0.10233111306876252
0.6824408466247182	0.10232533896027858
0.6838827015931577	0.10231981598798257
0.6851618978887476	0.10231464961839831
0.6864341887047349	0.10230983191536797
0.6877134516362928	0.10230528662640712
0.6889965413052577	0.10230095821134888
0.6902818384033882	0.102296827030297
0.6915499851383919	0.10229288426451486
0.692832500192879	0.10228911786526242
0.6941129017608432	0.10228549152109459
0.695389005123186	0.1022817564004466
0.6966651279888284	0.10227673260646664
0.6979359353937924	0.10226753979498726
0.6992186122309887	0.10225188686145929
