X	Y
0.050668438875160975	0.07091806817380257
0.0520903519355534	0.08320299860273826
0.053366935909354235	0.08488999457928512
0.054643763282419336	0.08023147533549979
0.055928814648606065	0.07374031493440499
0.0572086160676077	0.06724040489977424
0.058477299221343274	0.06112090275434033
0.05975652889871491	0.05541421466673402
0.061027467683642055	0.05011290165813493
0.0623082742670089	0.0452254005498474
0.0636036747934077	0.04078072258777849
0.06487624932624494	0.03681803037706771
0.06614813139832014	0.03337237531115847
0.06742170634127169	0.03047965069457048
0.06869757973539718	0.02820114490097483
0.07013049926154523	0.02664427742963112
0.07157122864155481	0.025950443058140066
0.07286556242813191	0.026260089181667928
0.07413877107549803	0.02771159903324341
0.07541686568029084	0.0304835061096356
0.07669299010292457	0.034845480641732984
0.07795201055110389	0.04122473985324783
0.07921780945085118	0.05032973171726415
0.08049887605781779	0.06345963346273215
0.08178732280512485	0.08355159664848652
0.08307365269012423	0.11816921595215797
0.08435462366278147	0.18288500904251262
0.08563940183425894	0.2904319920367233
0.08692649432404827	0.41214996887777067
0.0882087815760487	0.4690454453403448
0.0896463198467883	0.42122150165774974
0.09108187717117777	0.32703774058656654
0.0923749254636774	0.2569071258561472
0.09366321893993916	0.22285316531240648
0.0949443192679169	0.20816818352053754
0.09621681876209606	0.20105231338784874
0.09748153465243659	0.19717928551956754
0.09875253190521327	0.19506425870270738
0.10003061060730996	0.19404587686009292
0.10130222077209503	0.1937625333444646
0.10257999162279596	0.19400465494816999
0.10386074524334953	0.19464756372953218
0.10514195692277654	0.1955952244295377
0.10642166193800101	0.19675704911521386
0.10785307717670932	0.1980620434789964
0.10929391571817296	0.19945894851872714
0.11057683572497555	0.20090565436287955
0.11185441761595685	0.20237455583140931
0.11312991309924612	0.2038529843995507
0.1144049312866244	0.2053324085259862
0.11568326514228376	0.20680234877808815
0.11696344478430963	0.20825071530743708
0.1182335248172432	0.20966619457907845
0.11950469242496703	0.2110396227434027
0.12078397053678966	0.2123629448831026
0.12206484047051501	0.2136285681858445
0.12334474627828164	0.21483070684259656
0.12462584810846289	0.21596626099332342
0.12591015200113792	0.2170312108049481
0.1273503512446735	0.21801022620806715
0.1287858496356133	0.21887371834795163
0.1300723517421795	0.21959579855041528
0.1313503238290997	0.2201691710055123
0.13262919905420098	0.2205965228026288
0.13390800271787506	0.22087736747176331
0.13518241606938555	0.2210059814974292
0.13646110206672812	0.22097426693782896
0.1377402560186129	0.22077362269729756
0.1390208543714423	0.22039616306451934
0.14030481916295381	0.21983521680778173
0.14158102517859728	0.21908372149840616
0.14285818553699167	0.218129638245324
0.14412421523015148	0.21694960052411355
0.1454082621430114	0.2155134965058575
0.146843978559501	0.21381244212401118
0.14828336585489155	0.2118774610732751
0.1495646379655996	0.2097478932349733
0.15084097450960884	0.207431614855659
0.1521189426155282	0.20491274548739616
0.1533987015943808	0.20217787141703275
0.15466939927216744	0.19922282536039967
0.1559566518753162	0.19604941747463553
0.15723097229720137	0.19266268168101777
0.15850508338213926	0.18906727318725008
0.15978638254296065	0.18526519344653578
0.1610621251773408	0.18124856131469988
0.16234343218534364	0.17698500474549508
0.1636271155139926	0.17243219779345814
0.16506832315850414	0.16760967184107542
0.16650130457107667	0.16263448711217401
0.16778066119336127	0.15762652319529472
0.16905598832714863	0.15261310934355365
0.17033564822577985	0.1475636610919574
0.1716131086832789	0.14245125814178308
0.1728891901740623	0.1372196722987369
0.17416825336967914	0.13167744105875578
0.17545034080553407	0.12549951048208113
0.17672678359797855	0.11852299894855818
0.1780022570355389	0.11104021249221104
0.17928361847008803	0.10360290457371464
0.18056515740080645	0.09658759522417766
0.18184084386846672	0.09005776483004631
0.1831209200178878	0.08392161319396065
0.18456090654226365	0.07813508657006997
0.1859956262719926	0.07276889121275014
0.18727687779020158	0.06789375965082832
0.18855506620610563	0.06347702119924722
0.18983028608477068	0.05942992907780831
0.19111282673203667	0.05568691062299006
0.19238611984558446	0.0522164103620991
0.19366185135619168	0.04900077805797122
0.19494290141732454	0.046026878688129394
0.19622033059263688	0.04328491764555401
0.19749980205605702	0.040766455205776805
0.19877682297760185	0.03846239921685183
0.20005658022589295	0.03636084238850958
0.20133705734674667	0.03444369869993309
0.20261193077907713	0.03269163844572155
0.20405388608049255	0.03110511435781991
0.20548855482592998	0.029711193585853408
0.2067667278905929	0.028531325243719947
0.20804829236901443	0.027555969739121864
0.20932228255701504	0.02676003788658422
0.21060212321080346	0.02612442014882645
0.21187621935917228	0.02563863618046673
0.21315281950798357	0.025295819902902757
0.21443714356829846	0.025090022717251696
0.21571575736518386	0.025015502591500774
0.21699330992661267	0.02506640850492625
0.21827329408035984	0.025236959973684355
0.21955277293816555	0.025522857026577556
0.22082957386226254	0.02592386134435074
0.22210625236317336	0.02644262293012802
0.22354470297548246	0.027074246710431918
0.22498431968878982	0.02779875171049015
0.22626366820840654	0.02859310561606495
0.2275376572077918	0.02944692255619506
0.22881558010946548	0.030359608200629554
0.23009317691495554	0.031329821944881306
0.23137326345816062	0.032352669783809566
0.23264756270081882	0.03342204505777552
0.23392374314337136	0.03453202173100265
0.23520904359227895	0.03567638223479648
0.23648320145540627	0.03684892834815569
0.23776783265618967	0.038046509358679315
0.239041109113027	0.03927346488490832
0.24031929521831022	0.040537978947684766
0.241760119575986	0.04183224232184355
0.2431978406438189	0.04312264922611046
0.24447309810570766	0.04437623762525212
0.2457524469584566	0.04558622770264764
0.24703230456089573	0.04676150179808571
0.24830988444389396	0.04790750183521983
0.24958843427053867	0.049023259822213575
0.2508625406418739	0.05010554381248347
0.2521440263359591	0.05115077554560969
0.2534210258763158	0.052155282966618824
0.25469877405553726	0.05311567747275303
0.25597954692506647	0.05402915080000317
0.25725998143112805	0.05489448137157897
0.2585365940092762	0.05571427947124805
0.2598136074270984	0.05649288317868564
0.26125291189301286	0.05722586754658901
0.26268684550929444	0.05789603634455942
0.26396969528391184	0.058488280394019904
0.2652460440200909	0.05900226280776902
0.26652505898845635	0.05944588789052127
0.26780139548625653	0.059824954842996395
0.2690779291360502	0.060141515775726045
0.2703579216189048	0.0603960820989924
0.2716340377018169	0.060588915416884534
0.2729134935478392	0.060720402064664614
0.27419210241753944	0.06079109766269784
0.2754712455394249	0.060801600183915366
0.2767501999567141	0.06075202002388952
0.2780268154714632	0.06064094158319751
0.27930815375714024	0.060465750212711195
0.2807430554729765	0.060226681469830484
0.2821844926077762	0.05993020746843189
0.28346435080242804	0.05958472898584238
0.28473751437475814	0.05919408599078889
0.2860192620232913	0.05875829563776684
0.28729867038133156	0.0582776832227795
0.28857440036694343	0.05775384734938496
0.2898499234543804	0.057188724162270194
0.2911271868781763	0.056584335787462525
0.29240810686672464	0.055942956812256084
0.2936828475371819	0.05526659136736688
0.2949624136940962	0.05455527689455242
0.296244143340406	0.0538046305097135
0.29751918952044704	0.053007844686896274
0.29895584780481615	0.052167869148288075
0.30039574924476237	0.051304715194149614
0.30167743793365015	0.050439608412343274
0.3029549952280112	0.04957749869507336
0.3042338324489798	0.048712371050475295
0.3055105914141177	0.04783976031028455
0.3067891582427908	0.046959585651545344
0.30806821530173994	0.046073852732887194
0.30934611737045076	0.04518506825934434
0.31062409843016664	0.04429573990312316
0.3119033647935178	0.04340824485620136
0.3131786603841341	0.04252424019460538
0.31445393505335506	0.04164303362875838
0.31573871305511575	0.04075950493971171
0.31701285435871057	0.03986678981021059
0.3184521698153461	0.03896873301263199
0.3198889225993212	0.03808604832616816
0.3211650922736361	0.03723886315731047
0.32244853876441887	0.03642978155362913
0.32372349430884034	0.035650823113044953
0.32500262341240815	0.0348961252927065
0.3262794146276109	0.034164226594043105
0.3275557472137694	0.03345559991089795
0.3288410814994716	0.03277138602332458
0.33011754324939174	0.03211287681494976
0.33139422309829064	0.03148099079800742
0.33268086506800865	0.0308763361369728
0.33395683523312875	0.030298590642354073
0.335234789873683	0.029744578955391253
0.3365083745497989	0.0292096654887021
0.33794704470258524	0.028695460679589863
0.33938640745601545	0.028213140815295627
0.3406627973491645	0.027772977389094407
0.34194236161837654	0.027374892684728064
0.34321944894471634	0.027012948951266092
0.34450013590028494	0.02668279815910396
0.34577642390969	0.0263827980594955
0.3470552181801917	0.026112343229196974
0.34833511378087223	0.025871007670687653
0.3496136348588802	0.02565837315552434
0.3508931821415098	0.025473939616211604
0.35216875737190206	0.02531705797835783
0.35344761531247704	0.02518690903355519
0.35472745150185325	0.02508254183509755
0.3560054337012007	0.025003161804296774
0.35744076901390637	0.02494863213774785
0.3588799295971574	0.024919204236621747
0.3601548312120184	0.02491433870004609
0.3614370051183257	0.024932370784804623
0.36271565650995075	0.024971384011887934
0.3639934985535432	0.02502983046024255
0.36527557192413873	0.025106454800045974
0.3665500700877834	0.0252001038456653
0.36782855904108364	0.025309651407818583
0.36910829245911136	0.025433956944234636
0.3703853451678526	0.02557196459120484
0.37165935529501454	0.02572310452606762
0.37294423910326147	0.025887856458643478
0.3742188265899097	0.026067274891475742
0.37565118683619064	0.026260209387030175
0.3770936812951711	0.026461523445367955
0.37837835155289123	0.026665635389987317
0.37965291208985313	0.02687072202914279
0.3809315695590286	0.027077637869279785
0.3822124798666892	0.027286901152642262
0.3834871501792414	0.027498009193042978
0.3847650966347779	0.027710098571168
0.38604103155142977	0.02792229877326883
0.38731953719614176	0.028133722850444083
0.3886013956703162	0.0283434136454974
0.38988010784574123	0.02855049382935017
0.3911545237924161	0.028754650885317427
0.39243844039040465	0.028956667960482414
0.3937125421651764	0.029157747537924633
0.3951515023769071	0.02935669162646004
0.39658908133645077	0.029548616531490622
0.39786481620192543	0.029728885824084395
0.3991488658588856	0.029896813605303035
0.4004215086052831	0.03005407303245597
0.4017025639017841	0.030201850775441456
0.4029816512863952	0.0303402983504985
0.4042598480840173	0.030469108608858035
0.405542912988625	0.030587902176267244
0.4068164088400651	0.03069637497570437
0.4080910301907601	0.030794350208674815
0.4093730858747978	0.030881709726839245
0.4106509393639855	0.030958387691365122
0.41192692227569155	0.03102450831106984
0.4132057524328876	0.031080226583221904
0.4146488467241717	0.03112513547623757
0.4160822178386476	0.031158249182216505
0.41736211066763973	0.031178997733008727
0.41864210282613834	0.031187768487804704
0.41991443659647776	0.031185325536212907
0.42119648618980055	0.03117222861498579
0.42247613614525986	0.031148807797374334
0.4237468714896329	0.031115306763037656
0.425030707520591	0.031071978333180008
0.42631157895065847	0.031019123812414843
0.42758662152026333	0.030957015425524495
0.4288649801632588	0.03088567365265813
0.43014734008432204	0.030804556466810837
0.4314227340811275	0.03071280178662384
0.4328613954953345	0.030610755425357284
0.434296625309953	0.030500942356818342
0.4355779416504222	0.03038615272264239
0.43685520246660947	0.030267227244737908
0.43813455831780784	0.03014364148732623
0.43941181873627383	0.030015042421877237
0.44069083174978463	0.02988160368916696
0.44196741837799586	0.029743724542591915
0.44324447513150134	0.029601858862619984
0.44452703438066515	0.029456512433693273
0.4458003081973751	0.029308174776262248
0.44707683049618685	0.029157148811638715
0.4483544107887438	0.02900332542144979
0.4496387544664938	0.028845832542887674
0.45091765950914053	0.028683468237461825
0.45235395220923574	0.02851697634336619
0.45378988830581046	0.028350254411340387
0.4550711438499852	0.028187207069334978
0.4563483814991877	0.028028506240864767
0.45762493636190266	0.02787275374265536
0.45890538492511496	0.027718948890965715
0.46018609988737486	0.027567026455738122
0.46146331173258975	0.02741730539526225
0.4627408583325448	0.027270107227724345
0.4640188373450537	0.027125700134723523
0.4652961615631629	0.026984336803807154
0.4665764667320777	0.026846232025257495
0.4678556041320327	0.02671133154340557
0.46913281167414017	0.02657889460051674
0.4704109461285023	0.026447857487015003
0.47184924819518353	0.026318719508792505
0.47328650143938067	0.02619439728928015
0.47456555570920167	0.026077655858055004
0.4758452570492075	0.025968703239455288
0.47712049209837626	0.025866219473309415
0.4783988507309544	0.025769223317212948
0.47967981859890596	0.025677430890548594
0.4809544764120822	0.025590845606236822
0.4822326714150796	0.025509500806326083
0.4835155401622005	0.025433431339911203
0.48478662535081274	0.025362646685576966
0.4860648983033357	0.0252970846077686
0.4873486097396876	0.02523659408087705
0.4886251454855967	0.025180835353235047
0.48990115365177017	0.025129379716787994
0.4913419446646632	0.025082351111351035
0.4927804971920038	0.025040672923410508
0.4940584133860679	0.025005101581689167
0.4953326133476729	0.02497542667354649
0.496603512115104	0.02495092707343394
0.4978886163668116	0.024931061801897574
0.4991696881814568	0.024915571132632357
0.5004465688413631	0.024904297394401895
0.5017290547018032	0.024897081043908278
0.503007477550694	0.024893750671280187
0.5042824186776773	0.024894137006423882
0.5055619995495644	0.02489810601802592
0.5068424968058596	0.024905618088741952
0.5081202125067765	0.024916700086403634
0.5095645166473693	0.024931200925764143
0.5109948060331596	0.02494861267455606
0.5122755612783595	0.024968343567080515
0.5135560996646054	0.024990079696023796
0.514830365138001	0.02501373622470114
0.516109101307691	0.02503923225786923
0.5173877577716238	0.025066416181221598
0.5186653648278619	0.025095096562629548
0.5199463338091475	0.025125071027944475
0.5212231476607733	0.0251561413510407
0.5224994026542786	0.025188123218000083
0.5237814584619672	0.025220851847219325
0.5250571653141113	0.025254242350994785
0.526335717373935	0.025288410306810664
0.5276131158401386	0.025323568750798536
0.5290530932215851	0.02535948914572099
0.5304880545169711	0.025395240865279563
0.5317683819396577	0.02542990976134976
0.5330431993786436	0.02546330486301597
0.5343225518408383	0.02549568402808877
0.5356005934336986	0.025527214512569993
0.5368820315494339	0.025557866437173084
0.5381604317851527	0.025587529842929217
0.5394380662491104	0.025616094658041915
0.5407144367454989	0.025643469104799636
0.5419938440421264	0.025669570978406706
0.5432714321606086	0.02569432773306224
0.5445500509644448	0.02571771224874051
0.5458290081818054	0.025739798323693164
0.5471048635756722	0.02576069885667407
0.5485438774562127	0.025780288708349853
0.5499872287473472	0.02579809692621014
0.5512622329188646	0.025813713128248865
0.5525362737316247	0.025827137757917954
0.5538186062236357	0.025838591291174134
0.5551000362510023	0.025848222078305765
0.5563751770991014	0.025856074074904225
0.5576563395606069	0.025862158754517087
0.5589339105238607	0.0258664871954598
0.5602083738431418	0.025869075359376194
0.5614917646229355	0.02586994439955053
0.5627663176689919	0.025869116049197494
0.56404520221571	0.025866596416830506
0.5653251931666694	0.02586234399734441
0.5665974640194299	0.025856279258352016
0.5680349938537844	0.025848413934725166
0.5694748730032962	0.02583895666849507
0.570754214679602	0.025828171147804262
0.5720331588715881	0.025816176996328724
0.5733180957450734	0.02580298092419631
0.5745944056597105	0.025788594193818057
0.575863649569055	0.025773051934501065
0.5771465557454667	0.025756402608113488
0.5784259729304222	0.02573871762625904
0.5797067052797089	0.025720080493107016
0.5809794255130827	0.025700553344084297
0.5822594945962706	0.025680133460293107
0.5835407224200316	0.025658693808106637
0.5848142362087366	0.02563604500540219
0.5862583901747658	0.025612285984395255
0.5876939362202249	0.025587999417032353
0.5889736954571175	0.0255637812167272
0.5902486277617927	0.025539753256829566
0.5915303191461636	0.02551573639565041
0.592804022802022	0.02549160455349829
0.5940839047516135	0.02546735484358756
0.5953645979305512	0.025443044287171788
0.5966417829442795	0.025418744206283823
0.5979200697891134	0.0253945201646271
0.5992004714182676	0.025370433127021398
0.6004771479115429	0.025346533302529905
0.6017570327039058	0.025322812407076525
0.6030309793165421	0.025299131095071148
0.6043136101594807	0.025275292625418753
0.6057463570913006	0.025251391827582497
0.6071876585501237	0.02522797975075471
0.608466351400453	0.02520559511468295
0.6097449582905191	0.025184304917743334
0.6110216553539773	0.025163883670250617
0.6122998207203716	0.025144164860369363
0.6135800987240375	0.025125110473275408
0.6148547447954108	0.025106735763949443
0.6161366878291271	0.025089063327862097
0.6174119762819857	0.025072114638122606
0.61869260715149	0.025055907091889776
0.6199681144318128	0.025040448791892274
0.6212509208397515	0.025025719444762663
0.6225255903621055	0.025011633580749457
0.6238045528084191	0.02499807577890452
0.6252387092380616	0.024985085442068736
0.6266826246116595	0.024972939096330842
0.6279586409959441	0.0249618905958741
0.6292373134041556	0.02495193172629968
0.6305122921485751	0.024942902330577766
0.6317915739523998	0.024934682246892208
0.6330751961112558	0.024927225992892654
0.6343511834036234	0.024920518309648646
0.6356288125641716	0.02491454427105226
0.6369074259364543	0.02490928433993162
0.6381815908548917	0.024904716340164855
0.6394629031632849	0.024900814899388765
0.6407469238072503	0.024897549903365086
0.6420215434764172	0.024894892780910602
0.6434538938770675	0.024892837050829508
0.6448953689977538	0.02489139904469676
0.6461763976473581	0.024890577343231107
0.6474512466006724	0.024890329966017432
0.6487302461368329	0.024890600004378642
0.6500107975277937	0.02489134143713992
0.6512887637118259	0.024892519742235813
0.6525669677323279	0.024894104868640004
0.6538434685575026	0.024896067909233488
0.6551232805270187	0.024898379752691963
0.6564035649716093	0.024901010544402594
0.6576806259213817	0.02490393250342319
0.6589565506310258	0.024907129260717146
0.6602343102116702	0.02491060841926692
0.661515550337972	0.024914388776024216
0.6629536593562333	0.024918438585412934
0.6643914981859574	0.024922642779123826
0.6656705556676171	0.024926883424642714
0.666944404541845	0.02493112479837742
0.66822508583323	0.02493538468459038
0.6695024132882911	0.024939670632446096
0.6707865446944317	0.024943968247121404
0.6720492362718755	0.024948258534644215
0.6733335052197675	0.024952524957801717
0.6746121643285957	0.024956748575336703
0.675890228328227	0.024960908133256063
0.677170763910843	0.024964985100318443
0.6784512765018064	0.0249689707597877
0.6797244147616772	0.024972878067370845
0.6810024462000096	0.024976730915327965
0.6824388050144107	0.02498050770662465
0.6838787663497047	0.024984115697489748
0.6851599697505699	0.024987466381559735
0.686442495053501	0.024990546006705763
0.6877205529802157	0.024993386242548026
0.6889929210759379	0.024996011372988264
0.6902729503339728	0.024998427681289556
0.6915511232220699	0.02500063220094767
0.6928307650059857	0.025002615776712533
0.6941099716392399	0.025004316457426675
0.6953806556295403	0.02500523568203799
0.6966657796379255	0.02500297028977179
0.6979422539456882	0.024991563842802565
0.6992220065716422	0.02496597159441774
